Freq.	V(vout)
1.00000000000000e+000	1.00005162147835e+001,-6.46781201102735e-006
1.02329299228075e+000	1.00005162147837e+001,-6.61846670581946e-006
1.04712854805090e+000	1.00005162147839e+001,-6.77263059994148e-006
1.07151930523761e+000	1.00005162147842e+001,-6.93038543274069e-006
1.09647819614318e+000	1.00005162147845e+001,-7.09181484653518e-006
1.12201845430196e+000	1.00005162147847e+001,-7.25700443550852e-006
1.14815362149688e+000	1.00005162147850e+001,-7.42604178344165e-006
1.17489755493953e+000	1.00005162147853e+001,-7.59901651796788e-006
1.20226443461741e+000	1.00005162147856e+001,-7.77602035152873e-006
1.23026877081238e+000	1.00005162147860e+001,-7.95714713310709e-006
1.25892541179417e+000	1.00005162147863e+001,-8.14249289924599e-006
1.28824955169313e+000	1.00005162147867e+001,-8.33215592423894e-006
1.31825673855641e+000	1.00005162147871e+001,-8.52623676796844e-006
1.34896288259165e+000	1.00005162147874e+001,-8.72483833386456e-006
1.38038426460288e+000	1.00005162147879e+001,-8.92806592541041e-006
1.41253754462275e+000	1.00005162147883e+001,-9.13602729654043e-006
1.44543977074593e+000	1.00005162147888e+001,-9.34883271154507e-006
1.47910838816821e+000	1.00005162147892e+001,-9.56659499909855e-006
1.51356124843621e+000	1.00005162147897e+001,-9.78942962175170e-006
1.54881661891248e+000	1.00005162147903e+001,-1.00174547303844e-005
1.58489319246111e+000	1.00005162147908e+001,-1.02507912271134e-005
1.62181009735893e+000	1.00005162147914e+001,-1.04895628278708e-005
1.65958690743756e+000	1.00005162147920e+001,-1.07338961333751e-005
1.69824365246174e+000	1.00005162147926e+001,-1.09839206938548e-005
1.73780082874937e+000	1.00005162147933e+001,-1.12397690731820e-005
1.77827941003892e+000	1.00005162147940e+001,-1.15015769271078e-005
1.81970085860998e+000	1.00005162147947e+001,-1.17694830697725e-005
1.86208713666287e+000	1.00005162147954e+001,-1.20436295484771e-005
1.90546071796325e+000	1.00005162147962e+001,-1.23241617181473e-005
1.94984459975804e+000	1.00005162147971e+001,-1.26112283230221e-005
1.99526231496888e+000	1.00005162147979e+001,-1.29049815663185e-005
2.04173794466953e+000	1.00005162147988e+001,-1.32055772027399e-005
2.08929613085404e+000	1.00005162147998e+001,-1.35131746122338e-005
2.13796208950223e+000	1.00005162148008e+001,-1.38279368836088e-005
2.18776162394955e+000	1.00005162148018e+001,-1.41500309088703e-005
2.23872113856834e+000	1.00005162148029e+001,-1.44796274697835e-005
2.29086765276777e+000	1.00005162148041e+001,-1.48169013203766e-005
2.34422881531992e+000	1.00005162148053e+001,-1.51620312899128e-005
2.39883291901949e+000	1.00005162148065e+001,-1.55152003667727e-005
2.45470891568503e+000	1.00005162148079e+001,-1.58765958074336e-005
2.51188643150958e+000	1.00005162148092e+001,-1.62464092328891e-005
2.57039578276886e+000	1.00005162148107e+001,-1.66248367178052e-005
2.63026799189538e+000	1.00005162148122e+001,-1.70120789100794e-005
2.69153480392691e+000	1.00005162148138e+001,-1.74083411339530e-005
2.75422870333816e+000	1.00005162148154e+001,-1.78138334896850e-005
2.81838293126445e+000	1.00005162148172e+001,-1.82287709749126e-005
2.88403150312660e+000	1.00005162148190e+001,-1.86533735958950e-005
2.95120922666638e+000	1.00005162148209e+001,-1.90878664838658e-005
3.01995172040201e+000	1.00005162148229e+001,-1.95324800096806e-005
3.09029543251359e+000	1.00005162148250e+001,-1.99874499167201e-005
3.16227766016837e+000	1.00005162148271e+001,-2.04530174339476e-005
3.23593656929628e+000	1.00005162148294e+001,-2.09294294095647e-005
3.31131121482591e+000	1.00005162148318e+001,-2.14169384479332e-005
3.38844156139202e+000	1.00005162148343e+001,-2.19158030308972e-005
3.46736850452531e+000	1.00005162148369e+001,-2.24262876625922e-005
3.54813389233575e+000	1.00005162148397e+001,-2.29486630061809e-005
3.63078054770101e+000	1.00005162148426e+001,-2.34832060368985e-005
3.71535229097172e+000	1.00005162148456e+001,-2.40302001728556e-005
3.80189396320560e+000	1.00005162148487e+001,-2.45899354415169e-005
3.89045144994280e+000	1.00005162148521e+001,-2.51627086156933e-005
3.98107170553496e+000	1.00005162148555e+001,-2.57488233962277e-005
4.07380277804112e+000	1.00005162148591e+001,-2.63485905394441e-005
4.16869383470335e+000	1.00005162148629e+001,-2.69623280536596e-005
4.26579518801592e+000	1.00005162148669e+001,-2.75903613539649e-005
4.36515832240165e+000	1.00005162148711e+001,-2.82330234278431e-005
4.46683592150962e+000	1.00005162148754e+001,-2.88906550247549e-005
4.57088189614874e+000	1.00005162148800e+001,-2.95636048294203e-005
4.67735141287197e+000	1.00005162148848e+001,-3.02522296479925e-005
4.78630092322637e+000	1.00005162148898e+001,-3.09568946008790e-005
4.89778819368445e+000	1.00005162148950e+001,-3.16779733070008e-005
5.01187233627271e+000	1.00005162149005e+001,-3.24158480932442e-005
5.12861383991364e+000	1.00005162149062e+001,-3.31709101939682e-005
5.24807460249771e+000	1.00005162149122e+001,-3.39435599469021e-005
5.37031796370252e+000	1.00005162149185e+001,-3.47342070285032e-005
5.49540873857623e+000	1.00005162149251e+001,-3.55432706444232e-005
5.62341325190348e+000	1.00005162149320e+001,-3.63711797752481e-005
5.75439937337156e+000	1.00005162149393e+001,-3.72183733842437e-005
5.88843655355588e+000	1.00005162149468e+001,-3.80853006686825e-005
6.02559586074356e+000	1.00005162149548e+001,-3.89724212815775e-005
6.16595001861481e+000	1.00005162149631e+001,-3.98802055902433e-005
6.30957344480192e+000	1.00005162149718e+001,-4.08091349141956e-005
6.45654229034654e+000	1.00005162149809e+001,-4.17597017795008e-005
6.60693448007594e+000	1.00005162149904e+001,-4.27324101870918e-005
6.76082975391980e+000	1.00005162150004e+001,-4.37277758862340e-005
6.91830970918935e+000	1.00005162150108e+001,-4.47463266387625e-005
7.07945784384136e+000	1.00005162150218e+001,-4.57886024769458e-005
7.24435960074988e+000	1.00005162150332e+001,-4.68551560420317e-005
7.41310241300916e+000	1.00005162150452e+001,-4.79465528302180e-005
7.58577575029182e+000	1.00005162150578e+001,-4.90633715165599e-005
7.76247116628690e+000	1.00005162150710e+001,-5.02062042483559e-005
7.94328234724279e+000	1.00005162150847e+001,-5.13756569774645e-005
8.12830516164097e+000	1.00005162150992e+001,-5.25723497556334e-005
8.31763771102669e+000	1.00005162151143e+001,-5.37969170949879e-005
8.51138038202374e+000	1.00005162151301e+001,-5.50500082730442e-005
8.70963589956078e+000	1.00005162151467e+001,-5.63322876852765e-005
8.91250938133743e+000	1.00005162151640e+001,-5.76444352319498e-005
9.12010839355907e+000	1.00005162151822e+001,-5.89871466165985e-005
9.33254300796988e+000	1.00005162152012e+001,-6.03611337684693e-005
9.54992586021433e+000	1.00005162152211e+001,-6.17671251893380e-005
9.77237220955808e+000	1.00005162152419e+001,-6.32058663560463e-005
9.99999999999997e+000	1.00005162152638e+001,-6.46781201145737e-005
1.02329299228075e+001	1.00005162152866e+001,-6.61846670711652e-005
1.04712854805090e+001	1.00005162153106e+001,-6.77263060105624e-005
1.07151930523760e+001	1.00005162153357e+001,-6.93038543343811e-005
1.09647819614318e+001	1.00005162153619e+001,-7.09181484746322e-005
1.12201845430196e+001	1.00005162153894e+001,-7.25700443564571e-005
1.14815362149688e+001	1.00005162154182e+001,-7.42604178498182e-005
1.17489755493953e+001	1.00005162154483e+001,-7.59901651834943e-005
1.20226443461741e+001	1.00005162154799e+001,-7.77602035199769e-005
1.23026877081238e+001	1.00005162155129e+001,-7.95714713436723e-005
1.25892541179416e+001	1.00005162155475e+001,-8.14249290119512e-005
1.28824955169313e+001	1.00005162155838e+001,-8.33215592522687e-005
1.31825673855640e+001	1.00005162156217e+001,-8.52623676912915e-005
1.34896288259165e+001	1.00005162156615e+001,-8.72483833609821e-005
1.38038426460288e+001	1.00005162157031e+001,-8.92806592781270e-005
1.41253754462275e+001	1.00005162157466e+001,-9.13602729858667e-005
1.44543977074592e+001	1.00005162157923e+001,-9.34883271225348e-005
1.47910838816820e+001	1.00005162158400e+001,-9.56659500020133e-005
1.51356124843620e+001	1.00005162158901e+001,-9.78942962366162e-005
1.54881661891248e+001	1.00005162159424e+001,-1.00174547330479e-004
1.58489319246111e+001	1.00005162159973e+001,-1.02507912288098e-004
1.62181009735892e+001	1.00005162160547e+001,-1.04895628305010e-004
1.65958690743755e+001	1.00005162161149e+001,-1.07338961362207e-004
1.69824365246174e+001	1.00005162161778e+001,-1.09839206957395e-004
1.73780082874937e+001	1.00005162162438e+001,-1.12397690762435e-004
1.77827941003892e+001	1.00005162163128e+001,-1.15015769302492e-004
1.81970085860998e+001	1.00005162163851e+001,-1.17694830734611e-004
1.86208713666286e+001	1.00005162164608e+001,-1.20436295528671e-004
1.90546071796324e+001	1.00005162165401e+001,-1.23241617225500e-004
1.94984459975804e+001	1.00005162166231e+001,-1.26112283265714e-004
1.99526231496887e+001	1.00005162167101e+001,-1.29049815701624e-004
2.04173794466952e+001	1.00005162168011e+001,-1.32055772072478e-004
2.08929613085403e+001	1.00005162168964e+001,-1.35131746152588e-004
2.13796208950222e+001	1.00005162169962e+001,-1.38279368870216e-004
2.18776162394954e+001	1.00005162171007e+001,-1.41500309156663e-004
2.23872113856833e+001	1.00005162172102e+001,-1.44796274762567e-004
2.29086765276776e+001	1.00005162173248e+001,-1.48169013264052e-004
2.34422881531991e+001	1.00005162174447e+001,-1.51620312961660e-004
2.39883291901948e+001	1.00005162175704e+001,-1.55152003738892e-004
2.45470891568502e+001	1.00005162177020e+001,-1.58765958176173e-004
2.51188643150957e+001	1.00005162178397e+001,-1.62464092409898e-004
2.57039578276885e+001	1.00005162179840e+001,-1.66248367272557e-004
2.63026799189537e+001	1.00005162181351e+001,-1.70120789213164e-004
2.69153480392690e+001	1.00005162182933e+001,-1.74083411446504e-004
2.75422870333815e+001	1.00005162184589e+001,-1.78138335003723e-004
2.81838293126444e+001	1.00005162186323e+001,-1.82287709879929e-004
2.88403150312659e+001	1.00005162188140e+001,-1.86533736113044e-004
2.95120922666637e+001	1.00005162190041e+001,-1.90878664980793e-004
3.01995172040200e+001	1.00005162192033e+001,-1.95324800272172e-004
3.09029543251358e+001	1.00005162194118e+001,-1.99874499329008e-004
3.16227766016837e+001	1.00005162196302e+001,-2.04530174524384e-004
3.23593656929627e+001	1.00005162198588e+001,-2.09294294292358e-004
3.31131121482590e+001	1.00005162200982e+001,-2.14169384691323e-004
3.38844156139201e+001	1.00005162203489e+001,-2.19158030526015e-004
3.46736850452530e+001	1.00005162206115e+001,-2.24262876860817e-004
3.54813389233574e+001	1.00005162208864e+001,-2.29486630311161e-004
3.63078054770100e+001	1.00005162211742e+001,-2.34832060641838e-004
3.71535229097171e+001	1.00005162214756e+001,-2.40302002022247e-004
3.80189396320559e+001	1.00005162217913e+001,-2.45899354714604e-004
3.89045144994279e+001	1.00005162221217e+001,-2.51627086502240e-004
3.98107170553495e+001	1.00005162224678e+001,-2.57488234300089e-004
4.07380277804111e+001	1.00005162228302e+001,-2.63485905761120e-004
4.16869383470333e+001	1.00005162232097e+001,-2.69623280960899e-004
4.26579518801591e+001	1.00005162236070e+001,-2.75903613994665e-004
4.36515832240164e+001	1.00005162240231e+001,-2.82330234767807e-004
4.46683592150961e+001	1.00005162244587e+001,-2.88906550769595e-004
4.57088189614873e+001	1.00005162249150e+001,-2.95636048852677e-004
4.67735141287196e+001	1.00005162253927e+001,-3.02522297070039e-004
4.78630092322636e+001	1.00005162258929e+001,-3.09568946641412e-004
4.89778819368444e+001	1.00005162264167e+001,-3.16779733757149e-004
5.01187233627270e+001	1.00005162269652e+001,-3.24158481669284e-004
5.12861383991362e+001	1.00005162275395e+001,-3.31709102743409e-004
5.24807460249770e+001	1.00005162281409e+001,-3.39435600336779e-004
5.37031796370250e+001	1.00005162287707e+001,-3.47342071195673e-004
5.49540873857622e+001	1.00005162294301e+001,-3.55432707392872e-004
5.62341325190346e+001	1.00005162301206e+001,-3.63711798764688e-004
5.75439937337154e+001	1.00005162308436e+001,-3.72183734949741e-004
5.88843655355586e+001	1.00005162316007e+001,-3.80853007884487e-004
6.02559586074355e+001	1.00005162323935e+001,-3.89724214114407e-004
6.16595001861479e+001	1.00005162332237e+001,-3.98802057254282e-004
6.30957344480190e+001	1.00005162340930e+001,-4.08091350560548e-004
6.45654229034652e+001	1.00005162350033e+001,-4.17597019293125e-004
6.60693448007593e+001	1.00005162359564e+001,-4.27324103532442e-004
6.76082975391978e+001	1.00005162369545e+001,-4.37277760676678e-004
6.91830970918933e+001	1.00005162379996e+001,-4.47463268248767e-004
7.07945784384134e+001	1.00005162390940e+001,-4.57886026794226e-004
7.24435960074986e+001	1.00005162402399e+001,-4.68551562600704e-004
7.41310241300914e+001	1.00005162414399e+001,-4.79465530638004e-004
7.58577575029180e+001	1.00005162426964e+001,-4.90633717655930e-004
7.76247116628688e+001	1.00005162440121e+001,-5.02062045197246e-004
7.94328234724277e+001	1.00005162453898e+001,-5.13756572649842e-004
8.12830516164095e+001	1.00005162468325e+001,-5.25723500671432e-004
8.31763771102667e+001	1.00005162483432e+001,-5.37969174242008e-004
8.51138038202372e+001	1.00005162499250e+001,-5.50500086249720e-004
8.70963589956076e+001	1.00005162515814e+001,-5.63322880682199e-004
8.91250938133741e+001	1.00005162533159e+001,-5.76444356354687e-004
9.12010839355905e+001	1.00005162551321e+001,-5.89871470519835e-004
9.33254300796986e+001	1.00005162570339e+001,-6.03611342341869e-004
9.54992586021431e+001	1.00005162590253e+001,-6.17671256882366e-004
9.77237220955805e+001	1.00005162611106e+001,-6.32058668997023e-004
9.99999999999995e+001	1.00005162632941e+001,-6.46781206929619e-004
1.02329299228075e+002	1.00005162655806e+001,-6.61846676842624e-004
1.04712854805089e+002	1.00005162679748e+001,-6.77263066705446e-004
1.07151930523760e+002	1.00005162704819e+001,-6.93038550412159e-004
1.09647819614318e+002	1.00005162731071e+001,-7.09181492361501e-004
1.12201845430196e+002	1.00005162758561e+001,-7.25700451728433e-004
1.14815362149688e+002	1.00005162787345e+001,-7.42604187175054e-004
1.17489755493952e+002	1.00005162817487e+001,-7.59901661167337e-004
1.20226443461741e+002	1.00005162849049e+001,-7.77602045181324e-004
1.23026877081237e+002	1.00005162882098e+001,-7.95714724104096e-004
1.25892541179416e+002	1.00005162916705e+001,-8.14249301585619e-004
1.28824955169313e+002	1.00005162952944e+001,-8.33215604841239e-004
1.31825673855640e+002	1.00005162990889e+001,-8.52623690091898e-004
1.34896288259165e+002	1.00005163030624e+001,-8.72483847693675e-004
1.38038426460288e+002	1.00005163072231e+001,-8.92806607910865e-004
1.41253754462275e+002	1.00005163115798e+001,-9.13602746036128e-004
1.44543977074592e+002	1.00005163161419e+001,-9.34883288614018e-004
1.47910838816820e+002	1.00005163209190e+001,-9.56659518646129e-004
1.51356124843620e+002	1.00005163259213e+001,-9.78942982335490e-004
1.54881661891247e+002	1.00005163311593e+001,-1.00174549463802e-003
1.58489319246110e+002	1.00005163366441e+001,-1.02507914575277e-003
1.62181009735892e+002	1.00005163423875e+001,-1.04895630749728e-003
1.65958690743755e+002	1.00005163484015e+001,-1.07338963991017e-003
1.69824365246173e+002	1.00005163546989e+001,-1.09839209778764e-003
1.73780082874936e+002	1.00005163612932e+001,-1.12397693786076e-003
1.77827941003891e+002	1.00005163681982e+001,-1.15015772546870e-003
1.81970085860997e+002	1.00005163754286e+001,-1.17694834201655e-003
1.86208713666286e+002	1.00005163829998e+001,-1.20436299239979e-003
1.90546071796323e+002	1.00005163909279e+001,-1.23241621199277e-003
1.94984459975803e+002	1.00005163992295e+001,-1.26112287524352e-003
1.99526231496887e+002	1.00005164079224e+001,-1.29049820277177e-003
2.04173794466952e+002	1.00005164170250e+001,-1.32055776961815e-003
2.08929613085403e+002	1.00005164265566e+001,-1.35131751399265e-003
2.13796208950222e+002	1.00005164365374e+001,-1.38279374491302e-003
2.18776162394954e+002	1.00005164469885e+001,-1.41500315167718e-003
2.23872113856832e+002	1.00005164579323e+001,-1.44796281210020e-003
2.29086765276776e+002	1.00005164693917e+001,-1.48169020184876e-003
2.34422881531991e+002	1.00005164813913e+001,-1.51620320371350e-003
2.39883291901947e+002	1.00005164939563e+001,-1.55152011684318e-003
2.45470891568501e+002	1.00005165071136e+001,-1.58765966688107e-003
2.51188643150956e+002	1.00005165208909e+001,-1.62464101539008e-003
2.57039578276885e+002	1.00005165353175e+001,-1.66248377032424e-003
2.63026799189536e+002	1.00005165504241e+001,-1.70120799685129e-003
2.69153480392690e+002	1.00005165662426e+001,-1.74083422661647e-003
2.75422870333815e+002	1.00005165828065e+001,-1.78138347028214e-003
2.81838293126443e+002	1.00005166001512e+001,-1.82287722748307e-003
2.88403150312659e+002	1.00005166183132e+001,-1.86533749894392e-003
2.95120922666637e+002	1.00005166373312e+001,-1.90878679754982e-003
3.01995172040200e+002	1.00005166572455e+001,-1.95324816089239e-003
3.09029543251357e+002	1.00005166780983e+001,-1.99874516318980e-003
3.16227766016836e+002	1.00005166999339e+001,-2.04530192703143e-003
3.23593656929626e+002	1.00005167227986e+001,-2.09294313788947e-003
3.31131121482589e+002	1.00005167467408e+001,-2.14169405564957e-003
3.38844156139200e+002	1.00005167718114e+001,-2.19158052892803e-003
3.46736850452529e+002	1.00005167980636e+001,-2.24262900817087e-003
3.54813389233573e+002	1.00005168255530e+001,-2.29486656002631e-003
3.63078054770099e+002	1.00005168543379e+001,-2.34832088170579e-003
3.71535229097170e+002	1.00005168844794e+001,-2.40302031538495e-003
3.80189396320558e+002	1.00005169160414e+001,-2.45899386320810e-003
3.89045144994278e+002	1.00005169490909e+001,-2.51627120378231e-003
3.98107170553494e+002	1.00005169836980e+001,-2.57488270579404e-003
4.07380277804110e+002	1.00005170199360e+001,-2.63485944667847e-003
4.16869383470332e+002	1.00005170578819e+001,-2.69623322648378e-003
4.26579518801589e+002	1.00005170976162e+001,-2.75903658639832e-003
4.36515832240163e+002	1.00005171392230e+001,-2.82330282605586e-003
4.46683592150960e+002	1.00005171827908e+001,-2.88906602029308e-003
4.57088189614872e+002	1.00005172284118e+001,-2.95636103765086e-003
4.67735141287195e+002	1.00005172761828e+001,-3.02522355936064e-003
4.78630092322635e+002	1.00005173262053e+001,-3.09569009679132e-003
4.89778819368443e+002	1.00005173785852e+001,-3.16779801317004e-003
5.01187233627268e+002	1.00005174334337e+001,-3.24158554075510e-003
5.12861383991361e+002	1.00005174908672e+001,-3.31709180286830e-003
5.24807460249769e+002	1.00005175510074e+001,-3.39435683484017e-003
5.37031796370249e+002	1.00005176139819e+001,-3.47342160274638e-003
5.49540873857620e+002	1.00005176799244e+001,-3.55432802886659e-003
5.62341325190345e+002	1.00005177489746e+001,-3.63711901040378e-003
5.75439937337152e+002	1.00005178212790e+001,-3.72183844525956e-003
5.88843655355584e+002	1.00005178969911e+001,-3.80853125282073e-003
6.02559586074353e+002	1.00005179762713e+001,-3.89724339941811e-003
6.16595001861477e+002	1.00005180592879e+001,-3.98802192080357e-003
6.30957344480188e+002	1.00005181462170e+001,-4.08091495046692e-003
6.45654229034650e+002	1.00005182372429e+001,-4.17597174111056e-003
6.60693448007591e+002	1.00005183325587e+001,-4.27324269422583e-003
6.76082975391976e+002	1.00005184323666e+001,-4.37277938393857e-003
6.91830970918931e+002	1.00005185368784e+001,-4.47463458713946e-003
7.07945784384132e+002	1.00005186463156e+001,-4.57886230862195e-003
7.24435960074984e+002	1.00005187609104e+001,-4.68551781282560e-003
7.41310241300911e+002	1.00005188809059e+001,-4.79465764919458e-003
7.58577575029177e+002	1.00005190065567e+001,-4.90633968754821e-003
7.76247116628685e+002	1.00005191381292e+001,-5.02062314190306e-003
7.94328234724275e+002	1.00005192759025e+001,-5.13756860882658e-003
8.12830516164092e+002	1.00005194201689e+001,-5.25723809519220e-003
8.31763771102664e+002	1.00005195712343e+001,-5.37969505180128e-003
8.51138038202369e+002	1.00005197294193e+001,-5.50500440901726e-003
8.70963589956073e+002	1.00005198950592e+001,-5.63323260651066e-003
8.91250938133738e+002	1.00005200685056e+001,-5.76444763547456e-003
9.12010839355902e+002	1.00005202501262e+001,-5.89871906809679e-003
9.33254300796983e+002	1.00005204403064e+001,-6.03611809809977e-003
9.54992586021428e+002	1.00005206394495e+001,-6.17671757809657e-003
9.77237220955802e+002	1.00005208479779e+001,-6.32059205698284e-003
9.99999999999991e+002	1.00005210663339e+001,-6.46781782018117e-003
1.02329299228075e+003	1.00005212949808e+001,-6.61847293172887e-003
1.04712854805089e+003	1.00005215344035e+001,-6.77263727056866e-003
1.07151930523760e+003	1.00005217851099e+001,-6.93039257962731e-003
1.09647819614318e+003	1.00005220476317e+001,-7.09182250546564e-003
1.12201845430195e+003	1.00005223225257e+001,-7.25701264168026e-003
1.14815362149687e+003	1.00005226103752e+001,-7.42605057657182e-003
1.17489755493952e+003	1.00005229117906e+001,-7.59902593969842e-003
1.20226443461740e+003	1.00005232274113e+001,-7.77603044663865e-003
1.23026877081237e+003	1.00005235579067e+001,-7.95715795036266e-003
1.25892541179416e+003	1.00005239039780e+001,-8.14250449111688e-003
1.28824955169312e+003	1.00005242663591e+001,-8.33216834404812e-003
1.31825673855640e+003	1.00005246458187e+001,-8.52625007596517e-003
1.34896288259164e+003	1.00005250431618e+001,-8.72485259536467e-003
1.38038426460287e+003	1.00005254592311e+001,-8.92808120652523e-003
1.41253754462274e+003	1.00005258949091e+001,-9.13604367083066e-003
1.44543977074591e+003	1.00005263511201e+001,-9.34885025477974e-003
1.47910838816819e+003	1.00005268288317e+001,-9.56661379770493e-003
1.51356124843619e+003	1.00005273290573e+001,-9.78944976566760e-003
1.54881661891247e+003	1.00005278528577e+001,-1.00174763157776e-002
1.58489319246110e+003	1.00005284013442e+001,-1.02508143547909e-002
1.62181009735891e+003	1.00005289756801e+001,-1.04895876098152e-002
1.65958690743754e+003	1.00005295770838e+001,-1.07339226873140e-002
1.69824365246173e+003	1.00005302068308e+001,-1.09839491466997e-002
1.73780082874936e+003	1.00005308662569e+001,-1.12397995616123e-002
1.77827941003891e+003	1.00005315567609e+001,-1.15016095968790e-002
1.81970085860997e+003	1.00005322798075e+001,-1.17695180759628e-002
1.86208713666285e+003	1.00005330369304e+001,-1.20436670583587e-002
1.90546071796323e+003	1.00005338297355e+001,-1.23242019096079e-002
1.94984459975803e+003	1.00005346599044e+001,-1.26112713894359e-002
1.99526231496886e+003	1.00005355291983e+001,-1.29050277129816e-002
2.04173794466951e+003	1.00005364394608e+001,-1.32056266493781e-002
2.08929613085402e+003	1.00005373926229e+001,-1.35132275930902e-002
2.13796208950221e+003	1.00005383907063e+001,-1.38279936548853e-002
2.18776162394953e+003	1.00005394358282e+001,-1.41500917428894e-002
2.23872113856832e+003	1.00005405302054e+001,-1.44796926532148e-002
2.29086765276775e+003	1.00005416761593e+001,-1.48169711666250e-002
2.34422881531990e+003	1.00005428761206e+001,-1.51621061294404e-002
2.39883291901947e+003	1.00005441326347e+001,-1.55152805598139e-002
2.45470891568501e+003	1.00005454483669e+001,-1.58766817382608e-002
2.51188643150955e+003	1.00005468261080e+001,-1.62465013075156e-002
2.57039578276884e+003	1.00005482687804e+001,-1.66249353775264e-002
2.63026799189535e+003	1.00005497794445e+001,-1.70121846269904e-002
2.69153480392689e+003	1.00005513613044e+001,-1.74084544105281e-002
2.75422870333814e+003	1.00005530177157e+001,-1.78139548669749e-002
2.81838293126442e+003	1.00005547521918e+001,-1.82289010353691e-002
2.88403150312658e+003	1.00005565684121e+001,-1.86535129572805e-002
2.95120922666635e+003	1.00005584702289e+001,-1.90880158123307e-002
3.01995172040198e+003	1.00005604616763e+001,-1.95326400173183e-002
3.09029543251356e+003	1.00005625469788e+001,-1.99876213671495e-002
3.16227766016835e+003	1.00005647305595e+001,-2.04532011476323e-002
3.23593656929625e+003	1.00005670170503e+001,-2.09296262640350e-002
3.31131121482588e+003	1.00005694113012e+001,-2.14171493797810e-002
3.38844156139199e+003	1.00005719183911e+001,-2.19160290484688e-002
3.46736850452528e+003	1.00005745436380e+001,-2.24265298431515e-002
3.54813389233572e+003	1.00005772926104e+001,-2.29489225103547e-002
3.63078054770097e+003	1.00005801711398e+001,-2.34834840983850e-002
3.71535229097168e+003	1.00005831853319e+001,-2.40304981243543e-002
3.80189396320557e+003	1.00005863415806e+001,-2.45902546999199e-002
3.89045144994276e+003	1.00005896465810e+001,-2.51630507097897e-002
3.98107170553493e+003	1.00005931073438e+001,-2.57491899549565e-002
4.07380277804108e+003	1.00005967312102e+001,-2.63489833148527e-002
4.16869383470331e+003	1.00006005258670e+001,-2.69627489245083e-002
4.26579518801588e+003	1.00006044993639e+001,-2.75908123243346e-002
4.36515832240161e+003	1.00006086601296e+001,-2.82335066494397e-002
4.46683592150958e+003	1.00006130169901e+001,-2.88911728063282e-002
4.57088189614870e+003	1.00006175791874e+001,-2.95641596426918e-002
4.67735141287193e+003	1.00006223563993e+001,-3.02528241422096e-002
4.78630092322633e+003	1.00006273587595e+001,-3.09575316123053e-002
4.89778819368441e+003	1.00006325968794e+001,-3.16786558825538e-002
5.01187233627267e+003	1.00006380818707e+001,-3.24165794855260e-002
5.12861383991359e+003	1.00006438253685e+001,-3.31716938957162e-002
5.24807460249767e+003	1.00006498395567e+001,-3.39443997014594e-002
5.37031796370247e+003	1.00006561371932e+001,-3.47351068379405e-002
5.49540873857618e+003	1.00006627316372e+001,-3.55442348105433e-002
5.62341325190343e+003	1.00006696368779e+001,-3.63722128940558e-002
5.75439937337150e+003	1.00006768675635e+001,-3.72194803949411e-002
5.88843655355582e+003	1.00006844390328e+001,-3.80864868548293e-002
6.02559586074351e+003	1.00006923673478e+001,-3.89736923048176e-002
6.16595001861475e+003	1.00007006693271e+001,-3.98815675193600e-002
6.30957344480186e+003	1.00007093625826e+001,-4.08105942435278e-002
6.45654229034648e+003	1.00007184655559e+001,-4.17612654846545e-002
6.60693448007588e+003	1.00007279975583e+001,-4.27340857340868e-002
6.76082975391974e+003	1.00007379788110e+001,-4.37295712719923e-002
6.91830970918928e+003	1.00007484304887e+001,-4.47482504228813e-002
7.07945784384129e+003	1.00007593747638e+001,-4.57906638580557e-002
7.24435960074981e+003	1.00007708348544e+001,-4.68573648555359e-002
7.41310241300908e+003	1.00007828350727e+001,-4.79489196198935e-002
7.58577575029174e+003	1.00007954008769e+001,-4.90659075843081e-002
7.76247116628682e+003	1.00008085589255e+001,-5.02089217051615e-002
7.94328234724272e+003	1.00008223371338e+001,-5.13785687934967e-002
8.12830516164089e+003	1.00008367647330e+001,-5.25754698365765e-002
8.31763771102661e+003	1.00008518723317e+001,-5.38002603222201e-002
8.51138038202366e+003	1.00008676919823e+001,-5.50535906129339e-002
8.70963589956070e+003	1.00008842572476e+001,-5.63361262517351e-002
8.91250938133734e+003	1.00009016032729e+001,-5.76485483388918e-002
9.12010839355898e+003	1.00009197668607e+001,-5.89915539055078e-002
9.33254300796979e+003	1.00009387865477e+001,-6.03658562795464e-002
9.54992586021424e+003	1.00009587026887e+001,-6.17721854697353e-002
9.77237220955798e+003	1.00009795575395e+001,-6.32112885665275e-002
9.99999999999987e+003	1.00010013953492e+001,-6.46839301456596e-002
1.02329299228074e+004	1.00010242624533e+001,-6.61908926542625e-002
1.04712854805089e+004	1.00010482073711e+001,-6.77329768729217e-002
1.07151930523759e+004	1.00010732809099e+001,-6.93110023280621e-002
1.09647819614317e+004	1.00010995362738e+001,-7.09258077264401e-002
1.12201845430195e+004	1.00011270291728e+001,-7.25782514350608e-002
1.14815362149687e+004	1.00011558179466e+001,-7.42692119330695e-002
1.17489755493951e+004	1.00011859636844e+001,-7.59995882761602e-002
1.20226443461740e+004	1.00012175303562e+001,-7.77703005901555e-002
1.23026877081237e+004	1.00012505849487e+001,-7.95822906199955e-002
1.25892541179415e+004	1.00012851976082e+001,-8.14365221503996e-002
1.28824955169312e+004	1.00013214417875e+001,-8.33339816112117e-002
1.31825673855639e+004	1.00013593944053e+001,-8.52756785844850e-002
1.34896288259164e+004	1.00013991360063e+001,-8.72626463454537e-002
1.38038426460287e+004	1.00014407509352e+001,-8.92959424598528e-002
1.41253754462274e+004	1.00014843275138e+001,-9.13766493434895e-002
1.44543977074591e+004	1.00015299582306e+001,-9.35058748526108e-002
1.47910838816819e+004	1.00015777399363e+001,-9.56847529044380e-002
1.51356124843619e+004	1.00016277740497e+001,-9.79144440985735e-002
1.54881661891246e+004	1.00016801667753e+001,-1.00196136357850e-001
1.58489319246109e+004	1.00017350293260e+001,-1.02531045589719e-001
1.62181009735891e+004	1.00017924781623e+001,-1.04920416339098e-001
1.65958690743754e+004	1.00018526352376e+001,-1.07365522521832e-001
1.69824365246172e+004	1.00019156282627e+001,-1.09867668091534e-001
1.73780082874935e+004	1.00019815909712e+001,-1.12428187792722e-001
1.77827941003890e+004	1.00020506634085e+001,-1.15048447875019e-001
1.81970085860996e+004	1.00021229922268e+001,-1.17729846933760e-001
1.86208713666284e+004	1.00021987310022e+001,-1.20473816587900e-001
1.90546071796322e+004	1.00022780405567e+001,-1.23281822366141e-001
1.94984459975802e+004	1.00023610893044e+001,-1.26155364511764e-001
1.99526231496885e+004	1.00024480536060e+001,-1.29095978843290e-001
2.04173794466950e+004	1.00025391181500e+001,-1.32105237595887e-001
2.08929613085401e+004	1.00026344763423e+001,-1.35184750365311e-001
2.13796208950220e+004	1.00027343307216e+001,-1.38336164974744e-001
2.18776162394952e+004	1.00028388933883e+001,-1.41561168452265e-001
2.23872113856831e+004	1.00029483864572e+001,-1.44861487997183e-001
2.29086765276774e+004	1.00030630425366e+001,-1.48238892015139e-001
2.34422881531989e+004	1.00031831052148e+001,-1.51695191054952e-001
2.39883291901946e+004	1.00033088295932e+001,-1.55232238940343e-001
2.45470891568500e+004	1.00034404828160e+001,-1.58851933837972e-001
2.51188643150954e+004	1.00035783446509e+001,-1.62556219380502e-001
2.57039578276883e+004	1.00037227080903e+001,-1.66347085747257e-001
2.63026799189534e+004	1.00038738799625e+001,-1.70226570936796e-001
2.69153480392688e+004	1.00040321816070e+001,-1.74196761957959e-001
2.75422870333813e+004	1.00041979495448e+001,-1.78259796016226e-001
2.81838293126441e+004	1.00043715362086e+001,-1.82417861908228e-001
2.88403150312656e+004	1.00045533106917e+001,-1.86673201224060e-001
2.95120922666634e+004	1.00047436595449e+001,-1.91028109862825e-001
3.01995172040197e+004	1.00049429875994e+001,-1.95484939289144e-001
3.09029543251354e+004	1.00051517188376e+001,-2.00046098058193e-001
3.16227766016833e+004	1.00053702972981e+001,-2.04714053354545e-001
3.23593656929623e+004	1.00055991880324e+001,-2.09491332428433e-001
3.31131121482586e+004	1.00058388781087e+001,-2.14380524277468e-001
3.38844156139197e+004	1.00060898776431e+001,-2.19384281229691e-001
3.46736850452526e+004	1.00063527209086e+001,-2.24505320737539e-001
3.54813389233570e+004	1.00066279674869e+001,-2.29746426957224e-001
3.63078054770096e+004	1.00069162034608e+001,-2.35110452690735e-001
3.71535229097167e+004	1.00072180426787e+001,-2.40600321259025e-001
3.80189396320555e+004	1.00075341280900e+001,-2.46219028347271e-001
3.89045144994275e+004	1.00078651331142e+001,-2.51969644090688e-001
3.98107170553491e+004	1.00082117631184e+001,-2.57855315071981e-001
4.07380277804107e+004	1.00085747569072e+001,-2.63879266490003e-001
4.16869383470329e+004	1.00089548883473e+001,-2.70044804430645e-001
4.26579518801586e+004	1.00093529680447e+001,-2.76355317997227e-001
4.36515832240159e+004	1.00097698450765e+001,-2.82814281908937e-001
4.46683592150956e+004	1.00102064088481e+001,-2.89425258812772e-001
4.57088189614868e+004	1.00106635910198e+001,-2.96191901860337e-001
4.67735141287191e+004	1.00111423675397e+001,-3.03117957421785e-001
4.78630092322631e+004	1.00116437607541e+001,-3.10207267794865e-001
4.89778819368439e+004	1.00121688416364e+001,-3.17463774105584e-001
5.01187233627264e+004	1.00127187321346e+001,-3.24891519179359e-001
5.12861383991357e+004	1.00132946076009e+001,-3.32494650762909e-001
5.24807460249764e+004	1.00138976993704e+001,-3.40277424735223e-001
5.37031796370244e+004	1.00145292974591e+001,-3.48244208405732e-001
5.49540873857616e+004	1.00151907533987e+001,-3.56399483899661e-001
5.62341325190340e+004	1.00158834831796e+001,-3.64747852067290e-001
5.75439937337148e+004	1.00166089703992e+001,-3.73294036001936e-001
5.88843655355580e+004	1.00173687695129e+001,-3.82042885155548e-001
6.02559586074348e+004	1.00181645092315e+001,-3.90999379490059e-001
6.16595001861472e+004	1.00189978961858e+001,-4.00168633550257e-001
6.30957344480183e+004	1.00198707186530e+001,-4.09555901357228e-001
6.45654229034645e+004	1.00207848505678e+001,-4.19166580801555e-001
6.60693448007586e+004	1.00217422556473e+001,-4.29006218651710e-001
6.76082975391971e+004	1.00227449918056e+001,-4.39080515823887e-001
6.91830970918925e+004	1.00237952157100e+001,-4.49395332802421e-001
7.07945784384127e+004	1.00248951876468e+001,-4.59956695036861e-001
7.24435960074979e+004	1.00260472765921e+001,-4.70770799220234e-001
7.41310241300906e+004	1.00272539654979e+001,-4.81844019453154e-001
7.58577575029172e+004	1.00285178569638e+001,-4.93182913627543e-001
7.76247116628679e+004	1.00298416790528e+001,-5.04794230601344e-001
7.94328234724269e+004	1.00312282915222e+001,-5.16684917256983e-001
8.12830516164086e+004	1.00326806923653e+001,-5.28862126130491e-001
8.31763771102658e+004	1.00342020245538e+001,-5.41333223626704e-001
8.51138038202363e+004	1.00357955833427e+001,-5.54105798416345e-001
8.70963589956067e+004	1.00374648237884e+001,-5.67187670167449e-001
8.91250938133731e+004	1.00392133687359e+001,-5.80586899294754e-001
9.12010839355895e+004	1.00410450172178e+001,-5.94311796816529e-001
9.33254300796976e+004	1.00429637532145e+001,-6.08370934786692e-001
9.54992586021420e+004	1.00449737551067e+001,-6.22773157549434e-001
9.77237220955795e+004	1.00470794052588e+001,-6.37527593372082e-001
9.99999999999984e+004	1.00492853005662e+001,-6.52643667235607e-001
1.02329299228074e+005	1.00515962630990e+001,-6.68131113587162e-001
1.04712854805088e+005	1.00540173517179e+001,-6.83999990729389e-001
1.07151930523759e+005	1.00565538741157e+001,-7.00260695834167e-001
1.09647819614317e+005	1.00592113994915e+001,-7.16923980210790e-001
1.12201845430195e+005	1.00619957720910e+001,-7.34000966492992e-001
1.14815362149686e+005	1.00649131253284e+001,-7.51503166546572e-001
1.17489755493951e+005	1.00679698967637e+001,-7.69442500080917e-001
1.20226443461739e+005	1.00711728439109e+001,-7.87831315555020e-001
1.23026877081236e+005	1.00745290609239e+001,-8.06682411134272e-001
1.25892541179415e+005	1.00780459962521e+001,-8.26009058058719e-001
1.28824955169311e+005	1.00817314712809e+001,-8.45825024944345e-001
1.31825673855639e+005	1.00855936999393e+001,-8.66144604517011e-001
1.34896288259163e+005	1.00896413098850e+001,-8.86982641111757e-001
1.38038426460286e+005	1.00938833640485e+001,-9.08354561042905e-001
1.41253754462273e+005	1.00983293845749e+001,-9.30276404511952e-001
1.44543977074590e+005	1.01029893770593e+001,-9.52764860227475e-001
1.47910838816818e+005	1.01078738570561e+001,-9.75837302328153e-001
1.51356124843618e+005	1.01129938778048e+001,-9.99511829840284e-001
1.54881661891246e+005	1.01183610596283e+001,-1.02380730921248e+000
1.58489319246109e+005	1.01239876213164e+001,-1.04874342016270e+000
1.62181009735890e+005	1.01298864130646e+001,-1.07434070510033e+000
1.65958690743753e+005	1.01360709520724e+001,-1.10062062150616e+000
1.69824365246172e+005	1.01425554596938e+001,-1.12760559919111e+000
1.73780082874935e+005	1.01493549013198e+001,-1.15531910235159e+000
1.77827941003889e+005	1.01564850286365e+001,-1.18378569513468e+000
1.81970085860995e+005	1.01639624248896e+001,-1.21303111414858e+000
1.86208713666284e+005	1.01718045525768e+001,-1.24308234545324e+000
1.90546071796322e+005	1.01800298046208e+001,-1.27396770897302e+000
1.94984459975801e+005	1.01886575587690e+001,-1.30571694914190e+000
1.99526231496885e+005	1.01977082358062e+001,-1.33836133350824e+000
2.04173794466949e+005	1.02072033613335e+001,-1.37193376005707e+000
2.08929613085400e+005	1.02171656320906e+001,-1.40646887328746e+000
2.13796208950220e+005	1.02276189862322e+001,-1.44200319069474e+000
2.18776162394952e+005	1.02385886790754e+001,-1.47857524078686e+000
2.23872113856830e+005	1.02501013640148e+001,-1.51622571248735e+000
2.29086765276773e+005	1.02621851784660e+001,-1.55499761992281e+000
2.34422881531988e+005	1.02748698367291e+001,-1.59493648000802e+000
2.39883291901945e+005	1.02881867287840e+001,-1.63609050940932e+000
2.45470891568499e+005	1.03021690265157e+001,-1.67851083818709e+000
2.51188643150954e+005	1.03168517978425e+001,-1.72225174388196e+000
2.57039578276882e+005	1.03322721280833e+001,-1.76737091097852e+000
2.63026799189534e+005	1.03484692515662e+001,-1.81392971277050e+000
2.69153480392687e+005	1.03654846925278e+001,-1.86199352359614e+000
2.75422870333812e+005	1.03833624152809e+001,-1.91163206274878e+000
2.81838293126440e+005	1.04021489875427e+001,-1.96291977386047e+000
2.88403150312656e+005	1.04218937542677e+001,-2.01593624326713e+000
2.95120922666633e+005	1.04426490256074e+001,-2.07076666516753e+000
3.01995172040196e+005	1.04644702778055e+001,-2.12750235562522e+000
3.09029543251354e+005	1.04874163710562e+001,-2.18624132338241e+000
3.16227766016832e+005	1.05115497815890e+001,-2.24708890613388e+000
3.23593656929623e+005	1.05369368523629e+001,-2.31015847831417e+000
3.31131121482585e+005	1.05636480616291e+001,-2.37557224114883e+000
3.38844156139197e+005	1.05917583118433e+001,-2.44346210674666e+000
3.46736850452526e+005	1.06213472393552e+001,-2.51397068813799e+000
3.54813389233569e+005	1.06524995458834e+001,-2.58725240999407e+000
3.63078054770095e+005	1.06853053522694e+001,-2.66347475973581e+000
3.71535229097166e+005	1.07198605779946e+001,-2.74281969543821e+000
3.80189396320555e+005	1.07562673426637e+001,-2.82548523821884e+000
3.89045144994274e+005	1.07946343932888e+001,-2.91168727248263e+000
3.98107170553490e+005	1.08350775538763e+001,-3.00166159095269e+000
4.07380277804106e+005	1.08777201986954e+001,-3.09566621970132e+000
4.16869383470328e+005	1.09226937434912e+001,-3.19398406739503e+000
4.26579518801585e+005	1.09701381507342e+001,-3.29692595737389e+000
4.36515832240158e+005	1.10202024463526e+001,-3.40483409728473e+000
4.46683592150955e+005	1.10730452292824e+001,-3.51808607109082e+000
4.57088189614867e+005	1.11288351676008e+001,-3.63709943730650e+000
4.67735141287190e+005	1.11877514569014e+001,-3.76233704211549e+000
4.78630092322630e+005	1.12499842124445e+001,-3.89431318152018e+000
4.89778819368438e+005	1.13157347572604e+001,-4.03360076387258e+000
5.01187233627263e+005	1.13852157529779e+001,-4.18083966609385e+000
5.12861383991356e+005	1.14586510954366e+001,-4.33674651501014e+000
5.24807460249763e+005	1.15362754818941e+001,-4.50212616997685e+000
5.37031796370243e+005	1.16183335039585e+001,-4.67788525804238e+000
5.49540873857615e+005	1.17050780852588e+001,-4.86504817712775e+000
5.62341325190339e+005	1.17967679982573e+001,-5.06477609290435e+000
5.75439937337147e+005	1.18936641177816e+001,-5.27838956413606e+000
5.88843655355579e+005	1.19960239074676e+001,-5.50739560013953e+000
6.02559586074347e+005	1.21040934838785e+001,-5.75352012663879e+000
6.16595001861471e+005	1.22180963073834e+001,-6.01874709535226e+000
6.30957344480182e+005	1.23382172057625e+001,-6.30536575221663e+000
6.45654229034644e+005	1.24645798981311e+001,-6.61602796938997e+000
6.60693448007584e+005	1.25972154425865e+001,-6.95381798187322e+000
6.76082975391970e+005	1.27360179524300e+001,-7.32233743209787e+000
6.91830970918924e+005	1.28806823602658e+001,-7.72580925915102e+000
7.07945784384125e+005	1.30306167395093e+001,-8.16920468144327e+000
7.24435960074977e+005	1.31848183452748e+001,-8.65839821729243e+000
7.41310241300904e+005	1.33416976146793e+001,-9.20035621213008e+000
7.58577575029170e+005	1.34988270727940e+001,-9.80336427518730e+000
7.76247116628678e+005	1.36525812741602e+001,-1.04772976088554e+001
7.94328234724267e+005	1.37976178663084e+001,-1.12339338521262e+001
8.12830516164085e+005	1.39261263238771e+001,-1.20872977064254e+001
8.31763771102656e+005	1.40267367593675e+001,-1.30540043274935e+001
8.51138038202361e+005	1.40829337270187e+001,-1.41535230728478e+001
8.70963589956065e+005	1.40707582476953e+001,-1.54081937579472e+001
8.91250938133729e+005	1.39555144936705e+001,-1.68426564134412e+001
9.12010839355893e+005	1.36871622947825e+001,-1.84820386162226e+001
9.33254300796974e+005	1.31941824545237e+001,-2.03476863255637e+001
9.54992586021419e+005	1.23762264401879e+001,-2.24483268261580e+001
9.77237220955793e+005	1.10974186507729e+001,-2.47633749003061e+001
9.99999999999982e+005	9.18586349609804e+000,-2.72143828600212e+001
1.02329299228074e+006	6.45182873055722e+000,-2.96230953349664e+001
1.04712854805088e+006	2.74536725848510e+000,-3.16664616259983e+001
1.07151930523759e+006	-1.92904916851839e+000,-3.28672124740690e+001
1.09647819614316e+006	-7.26725327154773e+000,-3.26904188071531e+001
1.12201845430194e+006	-1.26089095022084e+001,-3.07856785735183e+001
1.14815362149686e+006	-1.71211949062464e+001,-2.72547721782118e+001
1.17489755493951e+006	-2.01767631479313e+001,-2.26837865836701e+001
1.20226443461739e+006	-2.16193861870149e+001,-1.78559520711981e+001
1.23026877081236e+006	-2.17095509624977e+001,-1.34008289704495e+001
1.25892541179414e+006	-2.08816682397485e+001,-9.64300140367035e+000
1.28824955169311e+006	-1.95412001844314e+001,-6.65085174283867e+000
1.31825673855638e+006	-1.79821179364624e+001,-4.35117958877714e+000
1.34896288259163e+006	-1.63867550649763e+001,-2.62030396181090e+000
1.38038426460286e+006	-1.48550393711063e+001,-1.33333296728955e+000
1.41253754462273e+006	-1.34344821363559e+001,-3.83622627487476e-001
1.44543977074590e+006	-1.21422112686426e+001,3.13147673397361e-001
1.47910838816818e+006	-1.09790183497198e+001,8.21142498421474e-001
1.51356124843618e+006	-9.93764189003029e+000,1.18828808079699e+000
1.54881661891245e+006	-9.00740207885941e+000,1.45010750070475e+000
1.58489319246108e+006	-8.17667652144641e+000,1.63289374048555e+000
1.62181009735890e+006	-7.43414919193802e+000,1.75615201375871e+000
1.65958690743753e+006	-6.76938295207212e+000,1.83441522882610e+000
1.69824365246171e+006	-6.17303005989793e+000,1.87857109853894e+000
1.73780082874934e+006	-5.63685651305224e+000,1.89682564026323e+000
1.77827941003889e+006	-5.15367683920756e+000,1.89540189408058e+000
1.81970085860995e+006	-4.71725136023816e+000,1.87904776731792e+000
1.86208713666283e+006	-4.32217314110185e+000,1.85140674360414e+000
1.90546071796321e+006	-3.96375817849905e+000,1.81528997423183e+000
1.94984459975801e+006	-3.63794496277679e+000,1.77287722609203e+000
1.99526231496884e+006	-3.34120561135463e+000,1.72586625321371e+000
2.04173794466949e+006	-3.07046875677190e+000,1.67558456257899e+000
2.08929613085400e+006	-2.82305341011543e+000,1.62307359124427e+000
2.13796208950219e+006	-2.59661262874638e+000,1.56915250944086e+000
2.18776162394951e+006	-2.38908571761128e+000,1.51446688042091e+000
2.23872113856830e+006	-2.19865774463739e+000,1.45952599114369e+000
2.29086765276773e+006	-2.02372526519807e+000,1.40473165227765e+000
2.34422881531988e+006	-1.86286728710743e+000,1.35040053686859e+000
2.39883291901944e+006	-1.71482064563608e+000,1.29678159381672e+000
2.45470891568498e+006	-1.57845908385628e+000,1.24406968726506e+000
2.51188643150953e+006	-1.45277544554645e+000,1.19241632765448e+000
2.57039578276881e+006	-1.33686648446974e+000,1.14193815029501e+000
2.63026799189533e+006	-1.22991987562938e+000,1.09272364080944e+000
2.69153480392686e+006	-1.13120308245636e+000,1.04483849040149e+000
2.75422870333811e+006	-1.04005379172027e+000,9.98329875123434e-001
2.81838293126440e+006	-9.55871674909727e-001,9.53229887582074e-001
2.88403150312655e+006	-8.78111274853419e-001,9.09558298127740e-001
2.95120922666633e+006	-8.06275848932820e-001,8.67324784053145e-001
3.01995172040196e+006	-7.39912027149610e-001,8.26530735559516e-001
3.09029543251353e+006	-6.78605166133413e-001,7.87170723983555e-001
3.16227766016832e+006	-6.21975298638139e-001,7.49233699960197e-001
3.23593656929622e+006	-5.69673593815113e-001,7.12703975059893e-001
3.31131121482585e+006	-5.21379256313154e-001,6.77562029658197e-001
3.38844156139196e+006	-4.76796803285492e-001,6.43785180958418e-001
3.46736850452525e+006	-4.35653667379436e-001,6.11348138306308e-001
3.54813389233568e+006	-3.97698081413863e-001,5.80223467549268e-001
3.63078054770094e+006	-3.62697206898884e-001,5.50381981792978e-001
3.71535229097165e+006	-3.30435474036036e-001,5.21793072483025e-001
3.80189396320554e+006	-3.00713105276757e-001,4.94424991996334e-001
3.89045144994273e+006	-2.73344798612370e-001,4.68245096654367e-001
3.98107170553489e+006	-2.48158550012399e-001,4.43220057299394e-001
4.07380277804105e+006	-2.24994597231045e-001,4.19316043161545e-001
4.16869383470327e+006	-2.03704469708177e-001,3.96498883555729e-001
4.26579518801584e+006	-1.84150131329634e-001,3.74734211035166e-001
4.36515832240157e+006	-1.66203204653713e-001,3.53987588857865e-001
4.46683592150954e+006	-1.49744266680024e-001,3.34224625069574e-001
4.57088189614866e+006	-1.34662207646450e-001,3.15411074973570e-001
4.67735141287189e+006	-1.20853645455058e-001,2.97512933416033e-001
4.78630092322629e+006	-1.08222389281634e-001,2.80496518024781e-001
4.89778819368436e+006	-9.66789469032999e-002,2.64328544247250e-001
5.01187233627262e+006	-8.61400708534048e-002,2.48976192939777e-001
5.12861383991355e+006	-7.65283392928025e-002,2.34407171048292e-001
5.24807460249762e+006	-6.77717679981655e-002,2.20589765845892e-001
5.37031796370242e+006	-5.98034502902809e-002,2.07492893133550e-001
5.49540873857613e+006	-5.25612222416690e-002,1.95086139713409e-001
5.62341325190338e+006	-4.59873507598057e-002,1.83339800447698e-001
5.75439937337145e+006	-4.00282425242337e-002,1.72224910159084e-001
5.88843655355577e+006	-3.46341719642825e-002,1.61713270633630e-001
6.02559586074345e+006	-2.97590267099182e-002,1.51777472969044e-001
6.16595001861470e+006	-2.53600691610139e-002,1.42390915503063e-001
6.30957344480180e+006	-2.13977129388140e-002,1.33527817569080e-001
6.45654229034642e+006	-1.78353131697170e-002,1.25163229312457e-001
6.60693448007582e+006	-1.46389696334985e-002,1.17273037813765e-001
6.76082975391968e+006	-1.17773419396496e-002,1.09833969759770e-001
6.91830970918922e+006	-9.22147595966784e-003,1.02823590907822e-001
7.07945784384123e+006	-6.94464082594885e-003,9.62203025883707e-002
7.24435960074975e+006	-4.92217586940736e-003,9.00033354888262e-002
7.41310241300902e+006	-3.13134692018866e-003,8.41527409598075e-002
7.58577575029168e+006	-1.55121143870945e-003,7.86493800809816e-002
7.76247116628676e+006	-1.62491988287937e-004,7.34749107181419e-002
7.94328234724265e+006	1.05254241640859e-003,6.86117727966615e-002
8.12830516164082e+006	2.11018750470719e-003,6.40431720087917e-002
8.31763771102654e+006	3.02540790576579e-003,5.97530621628758e-002
8.51138038202359e+006	3.81193463837126e-003,5.57261263735669e-002
8.70963589956062e+006	4.48235630386910e-003,5.19477572807744e-002
8.91250938133727e+006	5.04820432205236e-003,4.84040364750224e-002
9.12010839355890e+006	5.52003254375529e-003,4.50817132944979e-002
9.33254300796971e+006	5.90749154891787e-003,4.19681831483005e-002
9.54992586021416e+006	6.21939793353503e-003,3.90514655080374e-002
9.77237220955790e+006	6.46379886812224e-003,3.63201816987673e-002
9.99999999999979e+006	6.64803220375207e-003,3.37635326082588e-002
1.02329299228073e+007	6.77878238542813e-003,3.13712764226911e-002
1.04712854805088e+007	6.86213242178430e-003,2.91337064860447e-002
1.07151930523758e+007	6.90361215113724e-003,2.70416293693746e-002
1.09647819614316e+007	6.90824302891428e-003,2.50863432269463e-002
1.12201845430194e+007	6.88057965396483e-003,2.32596165061153e-002
1.14815362149686e+007	6.82474823902475e-003,2.15536670692632e-002
1.17489755493950e+007	6.74448222198301e-003,1.99611417772320e-002
1.20226443461739e+007	6.64315520265627e-003,1.84750965766055e-002
1.23026877081236e+007	6.52381138195703e-003,1.70889771253321e-002
1.25892541179414e+007	6.38919367003174e-003,1.57965999849491e-002
1.28824955169311e+007	6.24176962129464e-003,1.45921344013342e-002
1.31825673855638e+007	6.08375534573965e-003,1.34700846903641e-002
1.34896288259162e+007	5.91713753617324e-003,1.24252732403844e-002
1.38038426460286e+007	5.74369374451953e-003,1.14528241382334e-002
1.41253754462272e+007	5.56501103205483e-003,1.05481474216150e-002
1.44543977074590e+007	5.38250310952255e-003,9.70692395792839e-003
1.47910838816818e+007	5.19742607801235e-003,8.92509094531012e-003
1.51356124843618e+007	5.01089287312391e-003,8.19882802978213e-003
1.54881661891245e+007	4.82388650890088e-003,7.52454402968275e-003
1.58489319246108e+007	4.63727221159889e-003,6.89886425673103e-003
1.62181009735889e+007	4.45180852775514e-003,6.31861842105574e-003
1.65958690743752e+007	4.26815748487138e-003,5.78082910654377e-003
1.69824365246171e+007	4.08689387826658e-003,5.28270080123011e-003
1.73780082874934e+007	3.90851375220841e-003,4.82160946687999e-003
1.77827941003888e+007	3.73344213896623e-003,4.39509263094052e-003
1.81970085860994e+007	3.56204011475816e-003,4.00083998370037e-003
1.86208713666283e+007	3.39461122763017e-003,3.63668446288433e-003
1.90546071796321e+007	3.23140734810973e-003,3.30059380791161e-003
1.94984459975800e+007	3.07263398995381e-003,2.99066256580895e-003
1.99526231496884e+007	2.91845514488813e-003,2.70510453071720e-003
2.04173794466948e+007	2.76899767186195e-003,2.44224559919803e-003
2.08929613085399e+007	2.62435527846881e-003,2.20051702357494e-003
2.13796208950219e+007	2.48459212931590e-003,1.97844904584371e-003
2.18776162394950e+007	2.34974611352022e-003,1.77466489497547e-003
2.23872113856829e+007	2.21983180107323e-003,1.58787513076016e-003
2.29086765276772e+007	2.09484311551030e-003,1.41687231777960e-003
2.34422881531987e+007	1.97475574824565e-003,1.26052601344456e-003
2.39883291901944e+007	1.85952933796487e-003,1.11777805444281e-003
2.45470891568498e+007	1.74910943658286e-003,9.87638126491796e-004
2.51188643150952e+007	1.64342928161263e-003,8.69179602664445e-004
2.57039578276881e+007	1.54241139320235e-003,7.61535636006644e-004
2.63026799189532e+007	1.44596901257571e-003,6.63895492725609e-004
2.69153480392686e+007	1.35400739726601e-003,5.75501112610217e-004
2.75422870333811e+007	1.26642498723249e-003,4.95643883855476e-004
2.81838293126439e+007	1.18311445473860e-003,4.23661619931068e-004
2.88403150312654e+007	1.10396364975784e-003,3.58935726575298e-004
2.95120922666632e+007	1.02885645161172e-003,3.00888547510630e-004
3.01995172040195e+007	9.57673536574685e-004,2.48980877863152e-004
3.09029543251352e+007	8.90293070250042e-004,2.02709634804409e-004
3.16227766016831e+007	8.26591332675134e-004,1.61605675320307e-004
3.23593656929621e+007	7.66443283304226e-004,1.25231751515782e-004
3.31131121482584e+007	7.09723072276308e-004,9.31805942677291e-005
3.38844156139195e+007	6.56304503675569e-004,6.50731165353530e-005
3.46736850452524e+007	6.06061455849367e-004,4.05567280345492e-005
3.54813389233568e+007	5.58868263248263e-004,1.93037534566549e-005
3.63078054770093e+007	5.14600063700807e-004,1.00994683500828e-006
3.71535229097164e+007	4.73133114532311e-004,-1.46069048749968e-005
3.80189396320553e+007	4.34345080469703e-004,-2.78082955430490e-005
3.89045144994272e+007	3.98115295860562e-004,-3.88362370083108e-005
3.98107170553488e+007	3.64325003353931e-004,-4.79144253022687e-005
4.07380277804104e+007	3.32857570858751e-004,-5.52493411865789e-005
4.16869383470326e+007	3.03598688295302e-004,-6.10312898721860e-005
4.26579518801583e+007	2.76436545404546e-004,-6.54353843515360e-005
4.36515832240156e+007	2.51261991655309e-004,-6.86224764290402e-005
4.46683592150953e+007	2.27968679107536e-004,-7.07400391468463e-005
4.57088189614865e+007	2.06453188938655e-004,-7.19230039590337e-005
4.67735141287188e+007	1.86615142220711e-004,-7.22945556764206e-005
4.78630092322628e+007	1.68357295442426e-004,-7.19668878886105e-005
4.89778819368435e+007	1.51585621209632e-004,-7.10419212774507e-005
5.01187233627261e+007	1.36209374510504e-004,-6.96119869702565e-005
5.12861383991353e+007	1.22141144916117e-004,-6.77604768270558e-005
5.24807460249761e+007	1.09296895079197e-004,-6.55624623367673e-005
5.37031796370241e+007	9.75959859061000e-005,-6.30852835947840e-005
5.49540873857612e+007	8.69611888011274e-005,-6.03891096548352e-005
5.62341325190336e+007	7.73186854115551e-005,-5.75274713938265e-005
5.75439937337144e+007	6.85980553417111e-005,-5.45477678947070e-005
5.88843655355576e+007	6.07322523453388e-005,-5.14917472383779e-005
6.02559586074344e+007	5.36575695495479e-005,-4.83959625036389e-005
6.16595001861468e+007	4.73135943067745e-005,-4.52922036972281e-005
6.30957344480179e+007	4.16431533124999e-005,-4.22079062784784e-005
6.45654229034641e+007	3.65922486644519e-005,-3.91665368984084e-005
6.60693448007581e+007	3.21099855721362e-005,-3.61879569414456e-005
6.76082975391967e+007	2.81484924531146e-005,-3.32887644387868e-005
6.91830970918921e+007	2.46628341748576e-005,-3.04826149112469e-005
7.07945784384122e+007	2.16109192158003e-005,-2.77805216965523e-005
7.24435960074974e+007	1.89534015286945e-005,-2.51911363193048e-005
7.41310241300901e+007	1.66535778914985e-005,-2.27210094690770e-005
7.58577575029167e+007	1.46772815291305e-005,-2.03748331635906e-005
7.76247116628674e+007	1.29927727796432e-005,-1.81556646860381e-005
7.94328234724264e+007	1.15706275662891e-005,-1.60651329001125e-005
8.12830516164081e+007	1.03836244193661e-005,-1.41036275606810e-005
8.31763771102652e+007	9.40663077191144e-006,-1.22704722520306e-005
8.51138038202357e+007	8.61648923098945e-006,-1.05640816004364e-005
8.70963589956061e+007	7.99190450193593e-006,-8.98210342112997e-006
8.91250938133725e+007	7.51333161868478e-006,-7.52154647445829e-006
9.12010839355889e+007	7.16286610731818e-006,-6.17889452089644e-006
9.33254300796970e+007	6.92413668452271e-006,-4.95020738119405e-006
9.54992586021414e+007	6.78220106584647e-006,-3.83120972714129e-006
9.77237220955788e+007	6.72344543085386e-006,-2.81736835094132e-006
9.99999999999977e+007	6.73548806154007e-006,-1.90395868818497e-006
1.02329299228073e+008	6.80708763545613e-006,-1.08612140078756e-006
1.04712854805088e+008	6.92805661326242e-006,-3.58909863236607e-007
1.07151930523758e+008	7.08918010936016e-006,2.82670564312659e-007
1.09647819614316e+008	7.28214057096529e-006,8.43630549126668e-007
1.12201845430194e+008	7.49944851255708e-006,1.32897111565389e-006
1.14815362149686e+008	7.73437945680665e-006,1.74366328436097e-006
1.17489755493950e+008	7.98091711862124e-006,2.09263198405956e-006
1.20226443461738e+008	8.23370273599770e-006,2.38074319097327e-006
1.23026877081235e+008	8.48799030266974e-006,2.61279326051100e-006
1.25892541179414e+008	8.73960729794155e-006,2.79349946163060e-006
1.28824955169310e+008	8.98492034705862e-006,2.92749080495827e-006
1.31825673855638e+008	9.22080509096074e-006,3.01929837836510e-006
1.34896288259162e+008	9.44461941127185e-006,3.07334456824342e-006
1.38038426460285e+008	9.65417905757353e-006,3.09393074743393e-006
1.41253754462272e+008	9.84773467356756e-006,3.08522324302821e-006
1.44543977074589e+008	1.00239492269314e-005,3.05123764546606e-006
1.47910838816817e+008	1.01818749209647e-005,2.99582176677732e-006
1.51356124843617e+008	1.03209288047458e-005,2.92263778036109e-006
1.54881661891244e+008	1.04408664956277e-005,2.83514425706097e-006
1.58489319246108e+008	1.05417536698263e-005,2.73657893481257e-006
1.62181009735889e+008	1.06239352438054e-005,2.62994310923000e-006
1.65958690743752e+008	1.06880024378672e-005,2.51798850482966e-006
1.69824365246170e+008	1.07347581600062e-005,2.40320738407933e-006
1.73780082874933e+008	1.07651813499848e-005,2.28782648497522e-006
1.77827941003888e+008	1.07803910653318e-005,2.17380516508607e-006
1.81970085860994e+008	1.07816111614302e-005,2.06283789267007e-006
1.86208713666282e+008	1.07701364171796e-005,1.95636098675025e-006
1.90546071796320e+008	1.07473008899874e-005,1.85556328931588e-006
1.94984459975800e+008	1.07144491629353e-005,1.76140027146736e-006
1.99526231496883e+008	1.06729109885056e-005,1.67461094286426e-006
2.04173794466948e+008	1.06239796545222e-005,1.59573685554355e-006
2.08929613085399e+008	1.05688942173330e-005,1.52514246820633e-006
2.13796208950218e+008	1.05088255787478e-005,1.46303615967571e-006
2.18776162394950e+008	1.04448662377302e-005,1.40949124127709e-006
2.23872113856829e+008	1.03780234324962e-005,1.36446640643343e-006
2.29086765276772e+008	1.03092153070784e-005,1.32782516047982e-006
2.34422881531987e+008	1.02392696858390e-005,1.29935388460659e-006
2.39883291901943e+008	1.01689250198984e-005,1.27877829600979e-006
2.45470891568497e+008	1.00988330734108e-005,1.26577816571184e-006
2.51188643150952e+008	1.00295629411840e-005,1.26000024170502e-006
2.57039578276880e+008	9.96160602606080e-006,1.26106939593584e-006
2.63026799189532e+008	9.89538164981160e-006,1.26859806860328e-006
2.69153480392685e+008	9.83124302037048e-006,1.28219412302426e-006
2.75422870333810e+008	9.76948332745028e-006,1.30146725049285e-006
2.81838293126439e+008	9.71034178599198e-006,1.32603407899590e-006
2.88403150312654e+008	9.65400948936688e-006,1.35552214482930e-006
2.95120922666631e+008	9.60063497307949e-006,1.38957288376735e-006
3.01995172040194e+008	9.55032942067083e-006,1.42784379125246e-006
3.09029543251351e+008	9.50317147178082e-006,1.47000988971987e-006
3.16227766016830e+008	9.45921161280541e-006,1.51576462821855e-006
3.23593656929620e+008	9.41847614795687e-006,1.56482032516877e-006
3.31131121482583e+008	9.38097076086567e-006,1.61690825080577e-006
3.38844156139194e+008	9.34668368603397e-006,1.67177843193120e-006
3.46736850452523e+008	9.31558851552366e-006,1.72919924856434e-006
3.54813389233567e+008	9.28764667014868e-006,1.78895688012134e-006
3.63078054770092e+008	9.26280956606810e-006,1.85085464812010e-006
3.71535229097163e+008	9.24102050819089e-006,1.91471229298046e-006
3.80189396320552e+008	9.22221634155539e-006,1.98036521423852e-006
3.89045144994271e+008	9.20632888965901e-006,2.04766369671515e-006
3.98107170553487e+008	9.19328620724153e-006,2.11647213920128e-006
4.07380277804103e+008	9.18301367314798e-006,2.18666829725086e-006
4.16869383470325e+008	9.17543494533552e-006,2.25814254796510e-006
4.26579518801582e+008	9.17047279848464e-006,2.33079718123026e-006
4.36515832240155e+008	9.16804986173813e-006,2.40454571947067e-006
4.46683592150952e+008	9.16808927187952e-006,2.47931226601345e-006
4.57088189614864e+008	9.17051525428060e-006,2.55503088094160e-006
4.67735141287186e+008	9.17525364265045e-006,2.63164498214033e-006
4.78630092322626e+008	9.18223234622184e-006,2.70910676876486e-006
4.89778819368434e+008	9.19138177122437e-006,2.78737666408576e-006
5.01187233627260e+008	9.20263520152518e-006,2.86642277475484e-006
5.12861383991352e+008	9.21592914311278e-006,2.94622036340167e-006
5.24807460249759e+008	9.23120363476990e-006,3.02675133211274e-006
5.37031796370239e+008	9.24840252707111e-006,3.10800371458520e-006
5.49540873857610e+008	9.26747373094520e-006,3.18997117528873e-006
5.62341325190335e+008	9.28836943611058e-006,3.27265251461191e-006
5.75439937337142e+008	9.31104630058157e-006,3.35605117914073e-006
5.88843655355574e+008	9.33546561029557e-006,3.44017477727099e-006
6.02559586074342e+008	9.36159341035072e-006,3.52503460008191e-006
6.16595001861466e+008	9.38940060612801e-006,3.61064514873540e-006
6.30957344480177e+008	9.41886303714807e-006,3.69702366864948e-006
6.45654229034639e+008	9.44996152122539e-006,3.78418969255364e-006
6.60693448007579e+008	9.48268187204751e-006,3.87216459306020e-006
6.76082975391964e+008	9.51701489028903e-006,3.96097114640574e-006
6.91830970918918e+008	9.55295632867653e-006,4.05063310899277e-006
7.07945784384120e+008	9.59050683357575e-006,4.14117480764254e-006
7.24435960074971e+008	9.62967186463988e-006,4.23262074467835e-006
7.41310241300898e+008	9.67046159358092e-006,4.32499521896773e-006
7.58577575029164e+008	9.71289078415313e-006,4.41832196351342e-006
7.76247116628671e+008	9.75697865557196e-006,4.51262379988241e-006
7.94328234724261e+008	9.80274873117628e-006,4.60792230963068e-006
8.12830516164078e+008	9.85022867403830e-006,4.70423752264216e-006
8.31763771102649e+008	9.89945011051393e-006,4.80158762229180e-006
8.51138038202354e+008	9.95044844494241e-006,4.89998866626652e-006
8.70963589956058e+008	1.00032626648777e-005,4.99945432302680e-006
8.91250938133722e+008	1.00579351394017e-005,5.09999562252487e-006
9.12010839355886e+008	1.01145114107392e-005,5.20162072047018e-006
9.33254300796966e+008	1.01730399797597e-005,5.30433467517183e-006
9.54992586021411e+008	1.02335720862274e-005,5.40813923577549e-006
9.77237220955785e+008	1.02961614833020e-005,5.51303264119466e-006
1.00000000000000e+009	1.03608642072517e-005,5.61900942843859e-006
