time	V(vout)	V(n001)
0.000000000000000e+000	4.956554e+000	4.985657e+000
1.561159640495318e-003	4.956471e+000	4.985653e+000
1.571387700663644e-003	4.956611e+000	4.985653e+000
1.579722182944801e-003	4.956306e+000	4.985652e+000
1.586382362552289e-003	4.956869e+000	4.985651e+000
1.591245321416630e-003	4.955472e+000	4.985650e+000
1.594584704184290e-003	4.960092e+000	4.985652e+000
1.596571800270220e-003	4.993067e+000	4.985669e+000
1.596670873823322e-003	5.004438e+000	4.985675e+000
1.596869020929524e-003	5.067024e+000	4.985709e+000
1.597265315141930e-003	5.271412e+000	4.985826e+000
1.597380189960421e-003	5.355144e+000	4.985881e+000
1.597553359020130e-003	5.506456e+000	4.985997e+000
1.598073127697060e-003	5.979614e+000	4.986594e+000
1.598463827958493e-003	6.341555e+000	4.987314e+000
1.599245228481360e-003	7.075969e+000	4.989365e+000
1.600245000945389e-003	8.027422e+000	4.992718e+000
1.600315622730666e-003	8.094688e+000	4.993001e+000
1.600456866301220e-003	8.224354e+000	4.993634e+000
1.600689385994391e-003	8.420539e+000	4.994714e+000
1.600825058747017e-003	8.514544e+000	4.995366e+000
1.600916043809828e-003	8.550657e+000	4.995814e+000
1.601045087579069e-003	8.566633e+000	4.996455e+000
1.601120612574949e-003	8.568100e+000	4.996831e+000
1.601228691924925e-003	8.568173e+000	4.997369e+000
1.601386819242279e-003	8.568587e+000	4.998156e+000
1.601454764693833e-003	8.569502e+000	4.998494e+000
1.601499575401515e-003	8.571234e+000	4.998717e+000
1.601552133943639e-003	8.574408e+000	4.998979e+000
1.601609935824210e-003	8.577930e+000	4.999268e+000
1.601721134355148e-003	8.581937e+000	4.999823e+000
1.601871419675767e-003	8.583518e+000	5.000573e+000
1.602591105230908e-003	8.583801e+000	5.004166e+000
1.603310790786050e-003	8.584011e+000	5.007754e+000
1.604030476341192e-003	8.584148e+000	5.011338e+000
1.604750161896334e-003	8.584213e+000	5.014918e+000
1.605469847451475e-003	8.584204e+000	5.018493e+000
1.606189533006617e-003	8.584124e+000	5.022064e+000
1.606909218561759e-003	8.583970e+000	5.025631e+000
1.642410515547013e-003	8.584017e+000	5.196505e+000
1.677911812532266e-003	8.584063e+000	5.360115e+000
1.713413109517520e-003	8.584107e+000	5.516462e+000
1.748914406502774e-003	8.584149e+000	5.665546e+000
1.784415703488028e-003	8.584190e+000	5.807367e+000
1.819917000473281e-003	8.584229e+000	5.941924e+000
1.855418297458535e-003	8.584266e+000	6.069219e+000
1.867137047458535e-003	8.584284e+000	6.110153e+000
1.888148071208630e-003	8.595598e+000	6.181904e+000
1.895838823939733e-003	8.628561e+000	6.207819e+000
1.917635179027214e-003	8.847344e+000	6.283452e+000
1.918956197413620e-003	8.857425e+000	6.288174e+000
1.919441623806092e-003	8.857306e+000	6.289911e+000
1.919635794363080e-003	8.853535e+000	6.290603e+000
1.919979661691424e-003	8.837344e+000	6.291825e+000
1.920180371950385e-003	8.815896e+000	6.292532e+000
1.920325839941016e-003	8.784142e+000	6.293037e+000
1.920473436229960e-003	8.723516e+000	6.293537e+000
1.920689495002745e-003	8.597151e+000	6.294245e+000
1.920783616836221e-003	8.536252e+000	6.294543e+000
1.920870031257249e-003	8.472969e+000	6.294807e+000
1.920966286858809e-003	8.391216e+000	6.295093e+000
1.921056899053763e-003	8.308499e+000	6.295350e+000
1.921166013236897e-003	8.203689e+000	6.295646e+000
1.921289343903342e-003	8.079660e+000	6.295961e+000
1.921748274732409e-003	7.610997e+000	6.296944e+000
1.922527275858570e-003	6.827555e+000	6.297914e+000
1.922941143979992e-003	6.419536e+000	6.298076e+000
1.923493498148545e-003	5.887747e+000	6.297925e+000
1.924195102154784e-003	5.250320e+000	6.297241e+000
1.924707867280071e-003	4.857023e+000	6.296405e+000
1.925192756928003e-003	4.596728e+000	6.295367e+000
1.925723241117286e-003	4.431408e+000	6.294075e+000
1.926221237050763e-003	4.352594e+000	6.292782e+000
1.926712152393982e-003	4.313510e+000	6.291470e+000
1.926940940984546e-003	4.302816e+000	6.290851e+000
1.927084008522668e-003	4.295772e+000	6.290462e+000
1.927146278770961e-003	4.288299e+000	6.290291e+000
1.927187527194232e-003	4.276683e+000	6.290178e+000
1.927234298321571e-003	4.255544e+000	6.290049e+000
1.927281460038588e-003	4.228310e+000	6.289917e+000
1.927334739245167e-003	4.192542e+000	6.289765e+000
1.927457191930484e-003	4.100822e+000	6.289405e+000
1.927604665143280e-003	3.982549e+000	6.288951e+000
1.927919410449291e-003	3.719443e+000	6.287898e+000
1.928253051479815e-003	3.432803e+000	6.286651e+000
1.928486972382559e-003	3.229693e+000	6.285696e+000
1.928790541072136e-003	2.965596e+000	6.284353e+000
1.929723691964428e-003	2.160529e+000	6.279512e+000
1.930443959566829e-003	1.550576e+000	6.275042e+000
1.931448037792915e-003	7.209048e-001	6.267703e+000
1.933073473530616e-003	-5.690754e-001	6.253282e+000
1.935453946106359e-003	-2.335200e+000	6.227075e+000
1.938801078887456e-003	-4.540024e+000	6.181020e+000
1.943438463979803e-003	-7.113453e+000	6.104857e+000
1.946213177075434e-003	-8.380864e+000	6.053916e+000
1.946524798244125e-003	-8.488354e+000	6.047730e+000
1.946940293135714e-003	-8.616545e+000	6.039364e+000
1.947599577681694e-003	-8.795413e+000	6.025991e+000
1.947930980097328e-003	-8.856914e+000	6.019227e+000
1.948285205666014e-003	-8.883626e+000	6.011968e+000
1.948591969880914e-003	-8.887757e+000	6.005679e+000
1.949853490931244e-003	-8.887698e+000	5.979845e+000
1.956645490050836e-003	-8.887867e+000	5.841598e+000
1.995157003799940e-003	-8.887974e+000	5.086171e+000
2.033668517549043e-003	-8.888071e+000	4.365188e+000
2.072180031298147e-003	-8.888160e+000	3.678651e+000
2.110691545047251e-003	-8.888239e+000	3.026558e+000
2.149203058796355e-003	-8.888310e+000	2.408911e+000
2.187714572545458e-003	-8.888371e+000	1.825708e+000
2.226226086294562e-003	-8.888424e+000	1.276950e+000
2.249663586294562e-003	-8.888458e+000	9.544375e-001
2.254567907926532e-003	-8.888607e+000	8.881499e-001
2.259472229558503e-003	-8.888688e+000	8.223119e-001
2.264376551190473e-003	-8.888702e+000	7.569234e-001
2.269280872822444e-003	-8.888648e+000	6.919845e-001
2.274185194454415e-003	-8.888527e+000	6.274953e-001
2.279089516086385e-003	-8.888338e+000	5.634555e-001
2.283993837718355e-003	-8.888083e+000	4.998654e-001
2.285066818429127e-003	-8.887789e+000	4.860221e-001
2.286139799139899e-003	-8.886284e+000	4.722056e-001
2.287212779850670e-003	-8.883566e+000	4.584159e-001
2.288285760561443e-003	-8.879635e+000	4.446529e-001
2.289358741272214e-003	-8.874493e+000	4.309167e-001
2.290431721982986e-003	-8.868138e+000	4.172073e-001
2.291504702693758e-003	-8.860571e+000	4.035247e-001
2.291859925628721e-003	-8.855747e+000	3.990045e-001
2.292570371498647e-003	-8.839285e+000	3.899924e-001
2.293075128155989e-003	-8.818354e+000	3.836081e-001
2.293625287024931e-003	-8.773634e+000	3.766852e-001
2.294192976448758e-003	-8.694261e+000	3.695911e-001
2.294551080623931e-003	-8.619320e+000	3.651575e-001
2.294899189274289e-003	-8.526082e+000	3.608945e-001
2.295248047219336e-003	-8.420228e+000	3.566725e-001
2.296003866085088e-003	-8.164212e+000	3.477296e-001
2.296579646598200e-003	-7.948733e+000	3.411523e-001
2.297624578356217e-003	-7.516878e+000	3.298392e-001
2.299714441872249e-003	-6.526793e+000	3.097160e-001
2.303265508893476e-003	-4.578053e+000	2.822606e-001
2.306822059802530e-003	-2.353807e+000	2.634621e-001
2.309509669325046e-003	-5.041924e-001	2.557647e-001
2.310564133451202e-003	2.650598e-001	2.547471e-001
2.311186988862589e-003	7.349296e-001	2.549634e-001
2.312022234605403e-003	1.376419e+000	2.559298e-001
2.313284992596742e-003	2.367411e+000	2.589125e-001
2.314522075869159e-003	3.350873e+000	2.634054e-001
2.315151839191174e-003	3.844134e+000	2.661798e-001
2.315457159804209e-003	4.064896e+000	2.677130e-001
2.315597641952849e-003	4.144128e+000	2.684575e-001
2.315652854825973e-003	4.160114e+000	2.687557e-001
2.315709125331357e-003	4.164558e+000	2.690612e-001
2.315761195541932e-003	4.165211e+000	2.693441e-001
2.315967121860931e-003	4.165283e+000	2.704626e-001
2.316173048179929e-003	4.165427e+000	2.715809e-001
2.316378974498927e-003	4.165644e+000	2.726989e-001
2.316584900817926e-003	4.165934e+000	2.738166e-001
2.316790827136924e-003	4.166296e+000	2.749341e-001
2.316996753455922e-003	4.166731e+000	2.760514e-001
2.317202679774920e-003	4.167238e+000	2.771684e-001
2.317636756371857e-003	4.186540e+000	2.795254e-001
2.317849559210367e-003	4.248731e+000	2.806903e-001
2.318005399842814e-003	4.350508e+000	2.815609e-001
2.318140818634883e-003	4.458878e+000	2.823384e-001
2.318281653943756e-003	4.573740e+000	2.831692e-001
2.318421521055322e-003	4.691730e+000	2.840220e-001
2.318701255278455e-003	4.931028e+000	2.857992e-001
2.319019432035741e-003	5.207647e+000	2.879270e-001
2.319410755792909e-003	5.553667e+000	2.907300e-001
2.320002862197730e-003	6.085875e+000	2.953396e-001
2.320737945387038e-003	6.758865e+000	3.017049e-001
2.321830787732271e-003	7.774241e+000	3.120363e-001
2.321931010662655e-003	7.868326e+000	3.130525e-001
2.322131456523424e-003	8.056210e+000	3.151881e-001
2.322358689686979e-003	8.260719e+000	3.176602e-001
2.322589210611464e-003	8.448715e+000	3.202210e-001
2.322707204040130e-003	8.523186e+000	3.215522e-001
2.322802527058987e-003	8.554895e+000	3.226373e-001
2.322922339958750e-003	8.566123e+000	3.240050e-001
2.323004417431896e-003	8.567066e+000	3.249424e-001
2.323238275483950e-003	8.567400e+000	3.276129e-001
2.323309514112251e-003	8.567985e+000	3.284263e-001
2.323396987192854e-003	8.571330e+000	3.294251e-001
2.323442431279332e-003	8.574221e+000	3.299441e-001
2.323597697485284e-003	8.580646e+000	3.317185e-001
2.323749302902210e-003	8.582217e+000	3.334514e-001
2.324486909130114e-003	8.582502e+000	3.418782e-001
2.325224515358018e-003	8.582714e+000	3.502943e-001
2.325962121585922e-003	8.582853e+000	3.586998e-001
2.326699727813826e-003	8.582919e+000	3.670947e-001
2.327437334041730e-003	8.582912e+000	3.754789e-001
2.328174940269634e-003	8.582831e+000	3.838525e-001
2.328912546497538e-003	8.582678e+000	3.922155e-001
2.355197475964613e-003	8.582760e+000	6.847304e-001
2.390353725964613e-003	8.582863e+000	1.060390e+000
2.425509975964613e-003	8.582962e+000	1.418271e+000
2.474059083107470e-003	8.583090e+000	1.880390e+000
2.522608190250327e-003	8.583212e+000	2.316829e+000
2.571157297393184e-003	8.583326e+000	2.727588e+000
2.619706404536042e-003	8.583434e+000	3.112668e+000
2.668255511678899e-003	8.583534e+000	3.472069e+000
2.716804618821756e-003	8.583627e+000	3.805790e+000
2.765353725964613e-003	8.583714e+000	4.113832e+000
2.823947475964613e-003	8.583810e+000	4.459161e+000
2.882541225964613e-003	8.583901e+000	4.782136e+000
2.941134975964613e-003	8.583985e+000	5.082756e+000
2.999728725964613e-003	8.584064e+000	5.361021e+000
3.058322475964613e-003	8.584136e+000	5.616931e+000
3.116916225964613e-003	8.584203e+000	5.850486e+000
3.175509975964613e-003	8.584263e+000	6.061687e+000
3.187228725964613e-003	8.584280e+000	6.102744e+000
3.212733589013361e-003	8.598845e+000	6.189853e+000
3.218801496546190e-003	8.634614e+000	6.210285e+000
3.240002293083487e-003	8.847990e+000	6.283926e+000
3.240863563485586e-003	8.853102e+000	6.287004e+000
3.241355718001071e-003	8.851899e+000	6.288762e+000
3.241459130501572e-003	8.850503e+000	6.289131e+000
3.241665955502574e-003	8.843802e+000	6.289866e+000
3.241869084285145e-003	8.831018e+000	6.290586e+000
3.242021279522471e-003	8.812202e+000	6.291121e+000
3.242173716549042e-003	8.777058e+000	6.291648e+000
3.242328878216616e-003	8.712138e+000	6.292172e+000
3.242536274628104e-003	8.589865e+000	6.292849e+000
3.242632977294277e-003	8.526920e+000	6.293155e+000
3.242716850400560e-003	8.464838e+000	6.293411e+000
3.242810034914375e-003	8.384959e+000	6.293686e+000
3.242897161589500e-003	8.305248e+000	6.293933e+000
3.242997451592332e-003	8.209006e+000	6.294206e+000
3.243110566464933e-003	8.095457e+000	6.294497e+000
3.243234403846137e-003	7.968776e+000	6.294795e+000
3.243445754294319e-003	7.752495e+000	6.295251e+000
3.243657104742499e-003	7.537524e+000	6.295643e+000
3.243868455190681e-003	7.323863e+000	6.295970e+000
3.244079805638862e-003	7.111513e+000	6.296234e+000
3.244291156087043e-003	6.900472e+000	6.296433e+000
3.244502506535224e-003	6.690742e+000	6.296568e+000
3.244713856983405e-003	6.482323e+000	6.296639e+000
3.245258544344995e-003	5.955826e+000	6.296540e+000
3.245954635852847e-003	5.316797e+000	6.295924e+000
3.246479819870059e-003	4.904224e+000	6.295105e+000
3.247002174291802e-003	4.610030e+000	6.294011e+000
3.247505777166259e-003	4.442632e+000	6.292798e+000
3.248001001495338e-003	4.358893e+000	6.291518e+000
3.248482089366882e-003	4.316899e+000	6.290236e+000
3.248846582779357e-003	4.300278e+000	6.289250e+000
3.248929534753477e-003	4.296062e+000	6.289024e+000
3.248974479687697e-003	4.290785e+000	6.288902e+000
3.249006892761306e-003	4.283157e+000	6.288813e+000
3.249042570042287e-003	4.269790e+000	6.288715e+000
3.249084425598822e-003	4.248648e+000	6.288599e+000
3.249126828844469e-003	4.223057e+000	6.288479e+000
3.249173928464490e-003	4.191058e+000	6.288345e+000
3.249283573491709e-003	4.109006e+000	6.288024e+000
3.249353877861462e-003	4.053402e+000	6.287811e+000
3.249559212437014e-003	3.885007e+000	6.287156e+000
3.249948940966723e-003	3.554187e+000	6.285777e+000
3.250176401395152e-003	3.357538e+000	6.284880e+000
3.250624993662457e-003	2.967728e+000	6.282918e+000
3.251752584928727e-003	1.996270e+000	6.276997e+000
3.252403065226137e-003	1.448342e+000	6.272798e+000
3.253704025820956e-003	3.812884e-001	6.262888e+000
3.255287035146798e-003	-8.579389e-001	6.248110e+000
3.258156992860940e-003	-2.940080e+000	6.214728e+000
3.261530987756260e-003	-5.100167e+000	6.166377e+000
3.265740560775758e-003	-7.450393e+000	6.096773e+000
3.265951747290301e-003	-7.552851e+000	6.092960e+000
3.266374120319387e-003	-7.734186e+000	6.084936e+000
3.267218866377558e-003	-8.065063e+000	6.068552e+000
3.268908358493902e-003	-8.646473e+000	6.035066e+000
3.269528972125885e-003	-8.813568e+000	6.022537e+000
3.269911389025109e-003	-8.867170e+000	6.014721e+000
3.270484760841133e-003	-8.887546e+000	6.002970e+000
3.270762289689147e-003	-8.888059e+000	5.997283e+000
3.271144144028490e-003	-8.887585e+000	5.989461e+000
3.273276982967045e-003	-8.887714e+000	5.945873e+000
3.275409821905600e-003	-8.887816e+000	5.902420e+000
3.277542660844156e-003	-8.887890e+000	5.859102e+000
3.279675499782711e-003	-8.887936e+000	5.815919e+000
3.281808338721266e-003	-8.887955e+000	5.772872e+000
3.283941177659821e-003	-8.887947e+000	5.729959e+000
3.286074016598376e-003	-8.887911e+000	5.687181e+000
3.324119157634556e-003	-8.888004e+000	4.948314e+000
3.362164298670737e-003	-8.888090e+000	4.242801e+000
3.400209439706917e-003	-8.888170e+000	3.570644e+000
3.438254580743097e-003	-8.888245e+000	2.931841e+000
3.476299721779278e-003	-8.888313e+000	2.326393e+000
3.514344862815458e-003	-8.888375e+000	1.754300e+000
3.552390003851639e-003	-8.888431e+000	1.215561e+000
3.575827503851639e-003	-8.888466e+000	8.949997e-001
3.580198522732748e-003	-8.888670e+000	8.361941e-001
3.584569541613858e-003	-8.888776e+000	7.777627e-001
3.588940560494968e-003	-8.888785e+000	7.197053e-001
3.593311579376078e-003	-8.888696e+000	6.620220e-001
3.597682598257188e-003	-8.888510e+000	6.047128e-001
3.602053617138298e-003	-8.888226e+000	5.477778e-001
3.606424636019407e-003	-8.887844e+000	4.912168e-001
3.607453918680523e-003	-8.887033e+000	4.779557e-001
3.608483201341638e-003	-8.884873e+000	4.647193e-001
3.609512484002754e-003	-8.881365e+000	4.515075e-001
3.610541766663869e-003	-8.876507e+000	4.383204e-001
3.611571049324984e-003	-8.870302e+000	4.251578e-001
3.612600331986100e-003	-8.862747e+000	4.120199e-001
3.613629614647215e-003	-8.853844e+000	3.989066e-001
3.613976593529472e-003	-8.847840e+000	3.944957e-001
3.614670551293987e-003	-8.825371e+000	3.857090e-001
3.615144636183056e-003	-8.796733e+000	3.797286e-001
3.615672379028458e-003	-8.737579e+000	3.731123e-001
3.616158690983853e-003	-8.651977e+000	3.670626e-001
3.616459012050656e-003	-8.579248e+000	3.633660e-001
3.616882372230657e-003	-8.456108e+000	3.582183e-001
3.617269376268919e-003	-8.332522e+000	3.535752e-001
3.617642183093323e-003	-8.204828e+000	3.491760e-001
3.618129191870969e-003	-8.026511e+000	3.435612e-001
3.618998650224560e-003	-7.678467e+000	3.339613e-001
3.620737566931744e-003	-6.884014e+000	3.165957e-001
3.624215400346109e-003	-5.033679e+000	2.881404e-001
3.628095562482167e-003	-2.661058e+000	2.658254e-001
3.631032811059805e-003	-6.657822e-001	2.563471e-001
3.632223367158044e-003	1.974538e-001	2.549399e-001
3.632848291240063e-003	6.676378e-001	2.550894e-001
3.633758301260752e-003	1.365370e+000	2.560693e-001
3.634947339950873e-003	2.298043e+000	2.588323e-001
3.636161953685272e-003	3.263640e+000	2.631098e-001
3.636805310466706e-003	3.770620e+000	2.658816e-001
3.637141443282646e-003	4.022185e+000	2.675422e-001
3.637300737415191e-003	4.123436e+000	2.683782e-001
3.637376032639474e-003	4.155695e+000	2.687831e-001
3.637410540231459e-003	4.162338e+000	2.689701e-001
3.637449824069037e-003	4.164547e+000	2.691835e-001
3.637471599654405e-003	4.164979e+000	2.693017e-001
3.637533424320109e-003	4.165293e+000	2.696376e-001
3.638816873398129e-003	4.166766e+000	2.766041e-001
3.639250945294682e-003	4.179780e+000	2.789611e-001
3.639581929834051e-003	4.247608e+000	2.807690e-001
3.639736973786581e-003	4.336984e+000	2.816316e-001
3.639868981919129e-003	4.441277e+000	2.823862e-001
3.639995560137667e-003	4.543487e+000	2.831285e-001
3.640127180746952e-003	4.654067e+000	2.839223e-001
3.640325082332759e-003	4.822072e+000	2.851534e-001
3.640524316252711e-003	4.993452e+000	2.864375e-001
3.640764099700150e-003	5.202423e+000	2.880496e-001
3.641063512209700e-003	5.466331e+000	2.901603e-001
3.641414400713794e-003	5.779402e+000	2.927785e-001
3.641880714824725e-003	6.200674e+000	2.965037e-001
3.643284305291635e-003	7.496704e+000	3.092898e-001
3.643794752995494e-003	7.975559e+000	3.144317e-001
3.643892383158716e-003	8.066999e+000	3.154663e-001
3.644087643485160e-003	8.243776e+000	3.175963e-001
3.644289355055129e-003	8.412287e+000	3.198319e-001
3.644420744736895e-003	8.504833e+000	3.213100e-001
3.644509655137856e-003	8.543372e+000	3.223202e-001
3.644646146060153e-003	8.564488e+000	3.238773e-001
3.644733664689543e-003	8.567054e+000	3.248767e-001
3.644839357055406e-003	8.567110e+000	3.260837e-001
3.644980652610399e-003	8.567329e+000	3.276971e-001
3.645049214326449e-003	8.567812e+000	3.284799e-001
3.645094950680155e-003	8.568829e+000	3.290021e-001
3.645136205186131e-003	8.570679e+000	3.294732e-001
3.645180850415332e-003	8.573469e+000	3.299831e-001
3.645335711736843e-003	8.580399e+000	3.317527e-001
3.645484267644592e-003	8.582147e+000	3.334507e-001
3.646130999502097e-003	8.582472e+000	3.408399e-001
3.646777731359602e-003	8.582715e+000	3.482209e-001
3.647424463217106e-003	8.582874e+000	3.555937e-001
3.648071195074611e-003	8.582949e+000	3.629584e-001
3.648717926932116e-003	8.582942e+000	3.703150e-001
3.649364658789621e-003	8.582850e+000	3.776633e-001
3.650011390647125e-003	8.582676e+000	3.850036e-001
3.674309467901709e-003	8.582751e+000	6.559652e-001
3.697746967901709e-003	8.582821e+000	9.093380e-001
3.732903217901709e-003	8.582922e+000	1.274368e+000
3.779778217901709e-003	8.583049e+000	1.730256e+000
3.826653217901708e-003	8.583169e+000	2.161537e+000
3.873528217901707e-003	8.583282e+000	2.568211e+000
3.920403217901707e-003	8.583388e+000	2.950279e+000
3.967278217901706e-003	8.583488e+000	3.307741e+000
4.014153217901705e-003	8.583581e+000	3.640595e+000
4.061028217901704e-003	8.583668e+000	3.948843e+000
4.122970182187416e-003	8.583773e+000	4.325865e+000
4.184912146473128e-003	8.583871e+000	4.677383e+000
4.246854110758840e-003	8.583963e+000	5.003396e+000
4.308796075044552e-003	8.584048e+000	5.303905e+000
4.370738039330265e-003	8.584126e+000	5.578910e+000
4.432680003615976e-003	8.584197e+000	5.828411e+000
4.494621967901688e-003	8.584261e+000	6.052407e+000
4.506340717901688e-003	8.584276e+000	6.093616e+000
4.527955083267579e-003	8.588367e+000	6.167861e+000
4.536608924990833e-003	8.606855e+000	6.197045e+000
4.540279744075902e-003	8.637386e+000	6.209391e+000
4.543950563160971e-003	8.669488e+000	6.221856e+000
4.547621382246040e-003	8.703161e+000	6.234439e+000
4.551292201331107e-003	8.738404e+000	6.247142e+000
4.554963020416176e-003	8.775218e+000	6.259962e+000
4.558633839501245e-003	8.813603e+000	6.272902e+000
4.562304658586314e-003	8.853559e+000	6.285960e+000
4.563190990696534e-003	8.858200e+000	6.289131e+000
4.563498811166977e-003	8.856583e+000	6.290231e+000
4.563702710285118e-003	8.852051e+000	6.290958e+000
4.564020502755745e-003	8.834863e+000	6.292087e+000
4.564185533594754e-003	8.815412e+000	6.292668e+000
4.564335203940870e-003	8.780556e+000	6.293187e+000
4.564488675518790e-003	8.716758e+000	6.293706e+000
4.564668885348890e-003	8.610962e+000	6.294297e+000
4.564759136260288e-003	8.551904e+000	6.294584e+000
4.564852571100642e-003	8.484234e+000	6.294871e+000
4.564955555089519e-003	8.398054e+000	6.295177e+000
4.565071858165510e-003	8.290922e+000	6.295505e+000
4.565230868720510e-003	8.135324e+000	6.295926e+000
4.565406440366722e-003	7.957315e+000	6.296350e+000
4.566241456327610e-003	7.111062e+000	6.297737e+000
4.566706540905175e-003	6.648947e+000	6.298066e+000
4.567440073488553e-003	5.937082e+000	6.298033e+000
4.568076434131024e-003	5.344699e+000	6.297533e+000
4.568499366649740e-003	4.988264e+000	6.296917e+000
4.568870881976339e-003	4.736149e+000	6.296196e+000
4.569231897323489e-003	4.562295e+000	6.295386e+000
4.569582796774420e-003	4.452051e+000	6.294530e+000
4.569924332338775e-003	4.386112e+000	6.293654e+000
4.570328430695795e-003	4.341232e+000	6.292586e+000
4.570859999449018e-003	4.307270e+000	6.291157e+000
4.571065692926894e-003	4.296146e+000	6.290599e+000
4.571152376928220e-003	4.285399e+000	6.290362e+000
4.571199321440149e-003	4.270833e+000	6.290233e+000
4.571250600085135e-003	4.244850e+000	6.290091e+000
4.571316714433216e-003	4.203092e+000	6.289904e+000
4.571378409280693e-003	4.158739e+000	6.289725e+000
4.571496260288265e-003	4.067507e+000	6.289372e+000
4.571602701919617e-003	3.981690e+000	6.289041e+000
4.571953203353764e-003	3.688194e+000	6.287856e+000
4.572187399537654e-003	3.487293e+000	6.286987e+000
4.572415996590040e-003	3.289195e+000	6.286068e+000
4.572804482481771e-003	2.951306e+000	6.284363e+000
4.573763754086917e-003	2.124060e+000	6.279368e+000
4.574429570284927e-003	1.559786e+000	6.275258e+000
4.575279434860429e-003	8.534309e-001	6.269245e+000
4.576352418872502e-003	-1.504262e-002	6.260482e+000
4.577684679777849e-003	-1.054908e+000	6.247836e+000
4.579356334402022e-003	-2.295932e+000	6.229328e+000
4.581438514640359e-003	-3.734719e+000	6.202405e+000
4.584110271731532e-003	-5.388524e+000	6.162186e+000
4.587503510144533e-003	-7.173777e+000	6.104017e+000
4.590381767044787e-003	-8.441149e+000	6.050307e+000
4.590693059868764e-003	-8.545551e+000	6.044106e+000
4.591108116967401e-003	-8.669821e+000	6.035724e+000
4.591631961470843e-003	-8.806499e+000	6.025079e+000
4.591941213372091e-003	-8.859872e+000	6.018760e+000
4.592311728412552e-003	-8.884677e+000	6.011167e+000
4.592601990358392e-003	-8.887938e+000	6.005216e+000
4.593895555445504e-003	-8.887705e+000	5.978727e+000
4.600902258575517e-003	-8.887870e+000	5.836143e+000
4.639463036073621e-003	-8.887976e+000	5.080064e+000
4.678023813571725e-003	-8.888073e+000	4.358498e+000
4.716584591069828e-003	-8.888161e+000	3.671445e+000
4.755145368567932e-003	-8.888240e+000	3.018905e+000
4.793706146066035e-003	-8.888310e+000	2.400879e+000
4.832266923564139e-003	-8.888372e+000	1.817365e+000
4.870827701062242e-003	-8.888424e+000	1.268365e+000
4.894265201062242e-003	-8.888460e+000	9.461253e-001
4.899129614350890e-003	-8.888630e+000	8.804322e-001
4.903994027639538e-003	-8.888721e+000	8.151804e-001
4.908858440928187e-003	-8.888736e+000	7.503701e-001
4.913722854216834e-003	-8.888673e+000	6.860011e-001
4.918587267505483e-003	-8.888532e+000	6.220735e-001
4.923451680794131e-003	-8.888313e+000	5.585872e-001
4.928316094082779e-003	-8.888018e+000	4.955423e-001
4.928982108351781e-003	-8.887557e+000	4.869500e-001
4.929648122620783e-003	-8.886681e+000	4.783697e-001
4.930314136889785e-003	-8.885391e+000	4.698014e-001
4.930980151158788e-003	-8.883687e+000	4.612450e-001
4.931646165427789e-003	-8.881569e+000	4.527007e-001
4.932312179696792e-003	-8.879036e+000	4.441683e-001
4.932978193965793e-003	-8.876088e+000	4.356479e-001
4.935949796407301e-003	-8.845447e+000	3.977428e-001
4.937014000913329e-003	-8.809465e+000	3.842498e-001
4.937781868076521e-003	-8.739873e+000	3.745983e-001
4.938388908869280e-003	-8.637926e+000	3.670426e-001
4.938712529469110e-003	-8.559151e+000	3.630617e-001
4.939073302834101e-003	-8.452995e+000	3.586791e-001
4.939812362178034e-003	-8.207685e+000	3.498882e-001
4.940308263280388e-003	-8.026384e+000	3.441668e-001
4.941146250812832e-003	-7.691950e+000	3.348970e-001
4.942822225877720e-003	-6.930737e+000	3.180573e-001
4.946174176007496e-003	-5.161663e+000	2.902197e-001
4.949996527947556e-003	-2.845065e+000	2.674847e-001
4.952902499659164e-003	-8.863465e-001	2.574500e-001
4.954243141505371e-003	7.969230e-002	2.555632e-001
4.954866370213498e-003	5.466495e-001	2.556048e-001
4.955892329429216e-003	1.331717e+000	2.566151e-001
4.957130772953147e-003	2.302367e+000	2.594596e-001
4.958509925322509e-003	3.398214e+000	2.644311e-001
4.959102798389669e-003	3.861239e+000	2.670449e-001
4.959403460746815e-003	4.075982e+000	2.685630e-001
4.959536447127671e-003	4.147924e+000	2.692692e-001
4.959587309202098e-003	4.161251e+000	2.695441e-001
4.959639593349351e-003	4.164688e+000	2.698279e-001
4.959687224244568e-003	4.165214e+000	2.700866e-001
4.959896198304373e-003	4.165276e+000	2.712215e-001
4.960105172364178e-003	4.165426e+000	2.723561e-001
4.960314146423983e-003	4.165662e+000	2.734904e-001
4.960523120483788e-003	4.165984e+000	2.746245e-001
4.960732094543592e-003	4.166394e+000	2.757583e-001
4.960941068603397e-003	4.166890e+000	2.768919e-001
4.961150042663202e-003	4.167472e+000	2.780252e-001
4.961602637968420e-003	4.193709e+000	2.804831e-001
4.961801693486512e-003	4.262714e+000	2.815758e-001
4.961976546623168e-003	4.384527e+000	2.825594e-001
4.962139148014277e-003	4.516368e+000	2.835034e-001
4.962310882634926e-003	4.658568e+000	2.845327e-001
4.962470904204173e-003	4.794696e+000	2.855279e-001
4.962762581048692e-003	5.046445e+000	2.874340e-001
4.963211391719950e-003	5.441848e+000	2.906096e-001
4.964109013062467e-003	6.250340e+000	2.977067e-001
4.965185624075698e-003	7.237146e+000	3.070920e-001
4.965355526210429e-003	7.395074e+000	3.087086e-001
4.965695330479891e-003	7.714307e+000	3.121621e-001
4.966174900743139e-003	8.166668e+000	3.171854e-001
4.966209685419519e-003	8.198457e+000	3.175601e-001
4.966279254772279e-003	8.259082e+000	3.183248e-001
4.966395920802163e-003	8.357271e+000	3.196184e-001
4.966517436249985e-003	8.451885e+000	3.209794e-001
4.966621644641097e-003	8.517811e+000	3.221576e-001
4.966712112459436e-003	8.551308e+000	3.231870e-001
4.966826934034519e-003	8.565508e+000	3.244973e-001
4.966899542408217e-003	8.566980e+000	3.253264e-001
4.967167059624633e-003	8.567443e+000	3.283810e-001
4.967247130119323e-003	8.568230e+000	3.292952e-001
4.967344048394733e-003	8.572502e+000	3.304018e-001
4.967394189274878e-003	8.575639e+000	3.309745e-001
4.967497574619399e-003	8.579970e+000	3.321559e-001
4.967566917714432e-003	8.581301e+000	3.329485e-001
4.967731855597330e-003	8.582402e+000	3.348336e-001
5.003258111561452e-003	8.582630e+000	7.287657e-001
5.038784367525574e-003	8.582827e+000	1.105945e+000
5.074310623489696e-003	8.582991e+000	1.466373e+000
5.109836879453818e-003	8.583124e+000	1.810047e+000
5.145363135417939e-003	8.583224e+000	2.136970e+000
5.180889391382062e-003	8.583293e+000	2.447140e+000
5.216415647346183e-003	8.583330e+000	2.740558e+000
5.254920111631896e-003	8.583414e+000	3.042864e+000
5.293424575917608e-003	8.583495e+000	3.331355e+000
5.331929040203322e-003	8.583572e+000	3.606030e+000
5.370433504489035e-003	8.583645e+000	3.866888e+000
5.408937968774748e-003	8.583714e+000	4.113931e+000
5.447442433060460e-003	8.583779e+000	4.347157e+000
5.485946897346173e-003	8.583840e+000	4.566567e+000
5.497665647346173e-003	8.583858e+000	4.631591e+000
5.542866540203314e-003	8.583926e+000	4.870778e+000
5.588067433060455e-003	8.583990e+000	5.097440e+000
5.633268325917597e-003	8.584050e+000	5.311580e+000
5.678469218774738e-003	8.584107e+000	5.513196e+000
5.723670111631879e-003	8.584160e+000	5.702288e+000
5.768871004489020e-003	8.584210e+000	5.878857e+000
5.814071897346161e-003	8.584257e+000	6.042903e+000
5.825790647346161e-003	8.584271e+000	6.084250e+000
5.837509397346161e-003	8.584293e+000	6.124918e+000
5.855214495530461e-003	8.595032e+000	6.185186e+000
5.862217055065119e-003	8.630501e+000	6.208753e+000
5.865395723495548e-003	8.661471e+000	6.219517e+000
5.868574391925977e-003	8.692731e+000	6.230374e+000
5.871753060356406e-003	8.724282e+000	6.241325e+000
5.874931728786835e-003	8.756122e+000	6.252370e+000
5.878110397217264e-003	8.788254e+000	6.263507e+000
5.881289065647693e-003	8.820675e+000	6.274739e+000
5.884467734078122e-003	8.853387e+000	6.286064e+000
5.885269172025422e-003	8.856535e+000	6.288929e+000
5.885402745016638e-003	8.855968e+000	6.289407e+000
5.885669890999072e-003	8.851913e+000	6.290360e+000
5.885863211693780e-003	8.844711e+000	6.291048e+000
5.886085466773425e-003	8.827337e+000	6.291834e+000
5.886232370567793e-003	8.804775e+000	6.292348e+000
5.886381034546227e-003	8.762073e+000	6.292860e+000
5.886545179814147e-003	8.684876e+000	6.293411e+000
5.886668521523940e-003	8.608175e+000	6.293813e+000
5.886756111340470e-003	8.550235e+000	6.294090e+000
5.886837372146795e-003	8.492499e+000	6.294341e+000
5.886924399633213e-003	8.420847e+000	6.294600e+000
5.887027372468787e-003	8.328041e+000	6.294896e+000
5.887157720669957e-003	8.203117e+000	6.295249e+000
5.887335153283781e-003	8.024472e+000	6.295695e+000
5.887577877487644e-003	7.775895e+000	6.296232e+000
5.887820601691508e-003	7.529054e+000	6.296685e+000
5.888063325895370e-003	7.283949e+000	6.297054e+000
5.888306050099233e-003	7.040581e+000	6.297338e+000
5.888548774303096e-003	6.798949e+000	6.297538e+000
5.888791498506960e-003	6.559053e+000	6.297653e+000
5.889034222710823e-003	6.320894e+000	6.297685e+000
5.889612719991504e-003	5.766486e+000	6.297472e+000
5.890186212058919e-003	5.247465e+000	6.296875e+000
5.890672209370325e-003	4.861629e+000	6.296083e+000
5.891018185321581e-003	4.653289e+000	6.295368e+000
5.891384816773040e-003	4.507166e+000	6.294508e+000
5.891755393813423e-003	4.414123e+000	6.293580e+000
5.892120333216521e-003	4.360864e+000	6.292627e+000
5.892643687068073e-003	4.317114e+000	6.291230e+000
5.892868253435493e-003	4.305534e+000	6.290624e+000
5.893012433546521e-003	4.299919e+000	6.290233e+000
5.893096829379801e-003	4.294950e+000	6.290003e+000
5.893139986775090e-003	4.288722e+000	6.289885e+000
5.893174946605664e-003	4.278918e+000	6.289789e+000
5.893212250598659e-003	4.262858e+000	6.289686e+000
5.893267353372113e-003	4.231809e+000	6.289532e+000
5.893323184535594e-003	4.195020e+000	6.289373e+000
5.893385505603660e-003	4.149596e+000	6.289192e+000
5.893466117818639e-003	4.087371e+000	6.288952e+000
5.893552482547739e-003	4.018327e+000	6.288687e+000
5.893792380035393e-003	3.819951e+000	6.287906e+000
5.894154180694119e-003	3.511230e+000	6.286598e+000
5.894413504711642e-003	3.286535e+000	6.285564e+000
5.894707624971087e-003	3.030768e+000	6.284286e+000
5.895667780668691e-003	2.201594e+000	6.279381e+000
5.896444157996681e-003	1.543599e+000	6.274590e+000
5.897370477596183e-003	7.756106e-001	6.267945e+000
5.898683361079322e-003	-2.761220e-001	6.256729e+000
5.900637377324657e-003	-1.756192e+000	6.236367e+000
5.903654936348428e-003	-3.835564e+000	6.197515e+000
5.907653963422913e-003	-6.325976e+000	6.137639e+000
5.908035891173200e-003	-6.539111e+000	6.131275e+000
5.908799746673775e-003	-6.921362e+000	6.117600e+000
5.910327457674925e-003	-7.608590e+000	6.089147e+000
5.912613689783461e-003	-8.494763e+000	6.044854e+000
5.913503502190695e-003	-8.768577e+000	6.027065e+000
5.913965717611811e-003	-8.855357e+000	6.017644e+000
5.914396283460829e-003	-8.885221e+000	6.008823e+000
5.914727274469016e-003	-8.887987e+000	6.002039e+000
5.915416299295670e-003	-8.887693e+000	5.987925e+000
5.919789638338522e-003	-8.887833e+000	5.898705e+000
5.957221477563418e-003	-8.887950e+000	5.160849e+000
5.994653316788313e-003	-8.888056e+000	4.455817e+000
6.032085156013210e-003	-8.888150e+000	3.783609e+000
6.069516995238106e-003	-8.888232e+000	3.144226e+000
6.106948834463002e-003	-8.888302e+000	2.537667e+000
6.144380673687898e-003	-8.888361e+000	1.963933e+000
6.181812512912794e-003	-8.888408e+000	1.423023e+000
6.216968762912793e-003	-8.888460e+000	9.362105e-001
6.221844679110942e-003	-8.889038e+000	8.704268e-001
6.226720595309091e-003	-8.889354e+000	8.050870e-001
6.231596511507240e-003	-8.889409e+000	7.401911e-001
6.236472427705390e-003	-8.889201e+000	6.757390e-001
6.241348343903539e-003	-8.888731e+000	6.117308e-001
6.246224260101688e-003	-8.888000e+000	5.481664e-001
6.251100176299838e-003	-8.887007e+000	4.850459e-001
6.252099999356622e-003	-8.887060e+000	4.721737e-001
6.253099822413406e-003	-8.884808e+000	4.593270e-001
6.254099645470191e-003	-8.880251e+000	4.465061e-001
6.255099468526975e-003	-8.873390e+000	4.337107e-001
6.256099291583760e-003	-8.864223e+000	4.209410e-001
6.257099114640544e-003	-8.852751e+000	4.081969e-001
6.258098937697329e-003	-8.838975e+000	3.954784e-001
6.259158806519006e-003	-8.793749e+000	3.820587e-001
6.259947933236673e-003	-8.709152e+000	3.721608e-001
6.260411713298919e-003	-8.621661e+000	3.664041e-001
6.260722597362043e-003	-8.541333e+000	3.625897e-001
6.261057957046924e-003	-8.440841e+000	3.585238e-001
6.261808567568659e-003	-8.189628e+000	3.496132e-001
6.262336559007351e-003	-7.994671e+000	3.435459e-001
6.263252446228794e-003	-7.623955e+000	3.334972e-001
6.265084220671680e-003	-6.774695e+000	3.154674e-001
6.268747769557452e-003	-4.792788e+000	2.864270e-001
6.272762023659832e-003	-2.281489e+000	2.655597e-001
6.276431746782265e-003	2.756099e-001	2.567083e-001
6.277479452639791e-003	1.059166e+000	2.568149e-001
6.279003250842426e-003	2.245574e+000	2.597067e-001
6.279733245062705e-003	2.823201e+000	2.619231e-001
6.280657168404040e-003	3.557598e+000	2.656420e-001
6.281121042989246e-003	3.917273e+000	2.678045e-001
6.281352948903001e-003	4.081450e+000	2.689913e-001
6.281463534369977e-003	4.143088e+000	2.695799e-001
6.281512148410258e-003	4.158587e+000	2.698425e-001
6.281555655709726e-003	4.163836e+000	2.700786e-001
6.281579635794792e-003	4.164769e+000	2.702088e-001
6.281634895374555e-003	4.165248e+000	2.705089e-001
6.283085132097428e-003	4.167356e+000	2.783784e-001
6.283531701877785e-003	4.190397e+000	2.808030e-001
6.283737186283802e-003	4.256610e+000	2.819293e-001
6.283902607549852e-003	4.368722e+000	2.828566e-001
6.284052823592748e-003	4.489811e+000	2.837240e-001
6.284206250142109e-003	4.615967e+000	2.846362e-001
6.284355844029178e-003	4.742785e+000	2.855580e-001
6.284655031803317e-003	4.999978e+000	2.874868e-001
6.285026157979651e-003	5.324666e+000	2.900302e-001
6.285570306748737e-003	5.809746e+000	2.940904e-001
6.286363276149616e-003	6.531057e+000	3.007112e-001
6.287526265835919e-003	7.606073e+000	3.113836e-001
6.287659675266311e-003	7.730986e+000	3.127092e-001
6.287926494127095e-003	7.982138e+000	3.155146e-001
6.288192627359517e-003	8.227563e+000	3.183779e-001
6.288341703944147e-003	8.355415e+000	3.200206e-001
6.288514571952199e-003	8.486274e+000	3.219587e-001
6.288601713014998e-003	8.533732e+000	3.229457e-001
6.288702340218091e-003	8.559261e+000	3.240925e-001
6.288810495398162e-003	8.566515e+000	3.253272e-001
6.288912200084590e-003	8.567117e+000	3.264886e-001
6.289105726310415e-003	8.567342e+000	3.286982e-001
6.289161914643816e-003	8.567620e+000	3.293397e-001
6.289201745521116e-003	8.568267e+000	3.297943e-001
6.289282895107557e-003	8.572064e+000	3.307209e-001
6.289336348801731e-003	8.575429e+000	3.313314e-001
6.289440125155693e-003	8.579894e+000	3.325172e-001
6.289585895378614e-003	8.582015e+000	3.341832e-001
6.289878245097037e-003	8.582369e+000	3.375240e-001
6.290170594815460e-003	8.582636e+000	3.408632e-001
6.290462944533883e-003	8.582817e+000	3.442008e-001
6.290755294252305e-003	8.582910e+000	3.475367e-001
6.291047643970728e-003	8.582916e+000	3.508711e-001
6.291339993689151e-003	8.582836e+000	3.542038e-001
6.291632343407573e-003	8.582668e+000	3.575349e-001
6.326812859510993e-003	8.582776e+000	7.466920e-001
6.361993375614413e-003	8.582879e+000	1.119441e+000
6.397173891717832e-003	8.582978e+000	1.475782e+000
6.432354407821253e-003	8.583073e+000	1.815714e+000
6.467534923924673e-003	8.583163e+000	2.139239e+000
6.502715440028092e-003	8.583248e+000	2.446355e+000
6.537895956131512e-003	8.583329e+000	2.737063e+000
6.601512027560081e-003	8.583465e+000	3.223745e+000
6.665128098988650e-003	8.583592e+000	3.676807e+000
6.728744170417219e-003	8.583709e+000	4.096252e+000
6.792360241845788e-003	8.583817e+000	4.482077e+000
6.855976313274358e-003	8.583916e+000	4.834285e+000
6.919592384702927e-003	8.584005e+000	5.152874e+000
6.983208456131496e-003	8.584085e+000	5.437844e+000
7.006645956131495e-003	8.584113e+000	5.538901e+000
7.030083456131494e-003	8.584141e+000	5.636982e+000
7.053520956131493e-003	8.584167e+000	5.732086e+000
7.076958456131492e-003	8.584194e+000	5.824215e+000
7.100395956131492e-003	8.584220e+000	5.913367e+000
7.123833456131491e-003	8.584246e+000	5.999543e+000
7.147270956131490e-003	8.584271e+000	6.082743e+000
7.158989706131489e-003	8.584292e+000	6.123435e+000
7.177000938656520e-003	8.593897e+000	6.184770e+000
7.182865105765829e-003	8.620564e+000	6.204492e+000
7.186222357707957e-003	8.652158e+000	6.215829e+000
7.189579609650085e-003	8.684316e+000	6.227270e+000
7.192936861592214e-003	8.717039e+000	6.238813e+000
7.196294113534343e-003	8.750328e+000	6.250459e+000
7.199651365476472e-003	8.784182e+000	6.262208e+000
7.203008617418600e-003	8.818601e+000	6.274061e+000
7.206365869360729e-003	8.853585e+000	6.286016e+000
7.207159611227559e-003	8.857592e+000	6.288856e+000
7.207477107974290e-003	8.856224e+000	6.289990e+000
7.207654978465794e-003	8.852349e+000	6.290625e+000
7.208010719448800e-003	8.832785e+000	6.291887e+000
7.208191120706978e-003	8.810714e+000	6.292522e+000
7.208333926965895e-003	8.775437e+000	6.293016e+000
7.208487214019791e-003	8.709986e+000	6.293533e+000
7.208640961947349e-003	8.618851e+000	6.294038e+000
7.208729655739203e-003	8.560114e+000	6.294320e+000
7.208832148643039e-003	8.486043e+000	6.294636e+000
7.208942000253997e-003	8.394641e+000	6.294962e+000
7.209061003188121e-003	8.285020e+000	6.295298e+000
7.209213771973810e-003	8.135383e+000	6.295700e+000
7.209407627687492e-003	7.938634e+000	6.296166e+000
7.210302315768416e-003	7.033465e+000	6.297573e+000
7.210862699181928e-003	6.480221e+000	6.297850e+000
7.211794059804240e-003	5.587958e+000	6.297547e+000
7.212284748808798e-003	5.146898e+000	6.297019e+000
7.212632911508281e-003	4.875951e+000	6.296424e+000
7.212984218794658e-003	4.665034e+000	6.295692e+000
7.213344652786211e-003	4.514448e+000	6.294855e+000
7.213650755331196e-003	4.430564e+000	6.294095e+000
7.213951513637362e-003	4.378853e+000	6.293317e+000
7.214352783288071e-003	4.337644e+000	6.292253e+000
7.214863490227551e-003	4.306336e+000	6.290880e+000
7.215056857181931e-003	4.295638e+000	6.290355e+000
7.215138869355359e-003	4.284619e+000	6.290131e+000
7.215185216904208e-003	4.269651e+000	6.290003e+000
7.215235417108469e-003	4.243885e+000	6.289864e+000
7.215299113669266e-003	4.203417e+000	6.289683e+000
7.215364472532000e-003	4.156342e+000	6.289494e+000
7.215478642397029e-003	4.067881e+000	6.289152e+000
7.215593706520002e-003	3.974849e+000	6.288792e+000
7.216045474542689e-003	3.594313e+000	6.287231e+000
7.216322171526650e-003	3.355578e+000	6.286162e+000
7.216605551571824e-003	3.109451e+000	6.284951e+000
7.217172311662172e-003	2.617790e+000	6.282250e+000
7.218417333108264e-003	1.556549e+000	6.274954e+000
7.219457338766147e-003	6.960194e-001	6.267408e+000
7.220838609555214e-003	-4.070655e-001	6.255450e+000
7.222800920457987e-003	-1.889668e+000	6.234827e+000
7.225526814822528e-003	-3.770828e+000	6.199756e+000
7.229309141825042e-003	-5.998650e+000	6.140740e+000
7.234001658924786e-003	-8.311108e+000	6.057638e+000
7.234120734490522e-003	-8.359108e+000	6.055359e+000
7.234358885621996e-003	-8.439981e+000	6.050611e+000
7.234835187884942e-003	-8.589622e+000	6.041041e+000
7.235587042608515e-003	-8.795529e+000	6.025805e+000
7.235932512981594e-003	-8.858526e+000	6.018755e+000
7.236306981182820e-003	-8.884593e+000	6.011082e+000
7.236607005995260e-003	-8.887964e+000	6.004931e+000
7.237910966378131e-003	-8.887710e+000	5.978230e+000
7.244791163910107e-003	-8.887869e+000	5.838215e+000
7.283335667348703e-003	-8.887975e+000	5.082336e+000
7.321880170787300e-003	-8.888072e+000	4.360949e+000
7.360424674225896e-003	-8.888160e+000	3.674054e+000
7.398969177664493e-003	-8.888239e+000	3.021649e+000
7.437513681103090e-003	-8.888310e+000	2.403737e+000
7.476058184541687e-003	-8.888371e+000	1.820315e+000
7.514602687980283e-003	-8.888424e+000	1.271385e+000
7.538040187980282e-003	-8.888459e+000	9.490494e-001
7.542981739386554e-003	-8.888701e+000	8.822947e-001
7.547923290792827e-003	-8.888833e+000	8.159970e-001
7.552864842199100e-003	-8.888854e+000	7.501564e-001
7.557806393605372e-003	-8.888764e+000	6.847727e-001
7.562747945011644e-003	-8.888563e+000	6.198460e-001
7.567689496417917e-003	-8.888252e+000	5.553764e-001
7.572631047824190e-003	-8.887831e+000	4.913637e-001
7.573253407392983e-003	-8.887280e+000	4.833390e-001
7.573875766961776e-003	-8.886348e+000	4.753250e-001
7.574498126530570e-003	-8.885036e+000	4.673216e-001
7.575120486099363e-003	-8.883343e+000	4.593288e-001
7.575742845668157e-003	-8.881270e+000	4.513466e-001
7.576365205236950e-003	-8.878817e+000	4.433751e-001
7.576987564805743e-003	-8.875982e+000	4.354142e-001
7.579956903053454e-003	-8.844943e+000	3.975401e-001
7.581020706938525e-003	-8.808241e+000	3.840537e-001
7.581789940706100e-003	-8.737605e+000	3.743865e-001
7.582380914740883e-003	-8.637521e+000	3.670320e-001
7.582701973161245e-003	-8.559087e+000	3.630830e-001
7.583061478280386e-003	-8.453070e+000	3.587174e-001
7.583823489468611e-003	-8.200023e+000	3.496554e-001
7.584336909907843e-003	-8.011434e+000	3.437429e-001
7.585197274993556e-003	-7.666214e+000	3.342544e-001
7.586918005164982e-003	-6.879057e+000	3.170829e-001
7.590359465507833e-003	-5.047846e+000	2.889178e-001
7.594243976106996e-003	-2.673769e+000	2.665235e-001
7.597173487185832e-003	-6.851014e-001	2.570097e-001
7.598375636446116e-003	1.860882e-001	2.555646e-001
7.599000025811966e-003	6.556858e-001	2.557031e-001
7.599919412300655e-003	1.360424e+000	2.566810e-001
7.601108755103234e-003	2.293319e+000	2.594514e-001
7.602401631757924e-003	3.320892e+000	2.640423e-001
7.603026608094738e-003	3.811737e+000	2.667609e-001
7.603347131729903e-003	4.047539e+000	2.683598e-001
7.603494800419722e-003	4.135976e+000	2.691390e-001
7.603558387944028e-003	4.158575e+000	2.694818e-001
7.603597941532277e-003	4.163821e+000	2.696964e-001
7.603623315637060e-003	4.164754e+000	2.698342e-001
7.603678748947691e-003	4.165239e+000	2.701353e-001
7.603889067187401e-003	4.165251e+000	2.712774e-001
7.604099385427111e-003	4.165384e+000	2.724192e-001
7.604309703666820e-003	4.165638e+000	2.735608e-001
7.604520021906530e-003	4.166015e+000	2.747022e-001
7.604730340146239e-003	4.166514e+000	2.758433e-001
7.604940658385949e-003	4.167134e+000	2.769842e-001
7.605150976625659e-003	4.167876e+000	2.781248e-001
7.605623822574797e-003	4.202232e+000	2.806938e-001
7.605815415294340e-003	4.278087e+000	2.817494e-001
7.606020388202702e-003	4.428246e+000	2.829105e-001
7.606181514433885e-003	4.559898e+000	2.838544e-001
7.606357811939675e-003	4.707231e+000	2.849241e-001
7.606555639376348e-003	4.876260e+000	2.861707e-001
7.606826734773279e-003	5.111184e+000	2.879636e-001
7.607239123102340e-003	5.475011e+000	2.908901e-001
7.607965015150897e-003	6.129342e+000	2.966589e-001
7.609325158173369e-003	7.377285e+000	3.085944e-001
7.609782813283906e-003	7.806539e+000	3.131964e-001
7.610178477303458e-003	8.179723e+000	3.173732e-001
7.610209538191273e-003	8.207931e+000	3.177091e-001
7.610271659966902e-003	8.261688e+000	3.183926e-001
7.610395903518159e-003	8.364557e+000	3.197729e-001
7.610566815942062e-003	8.490257e+000	3.216924e-001
7.610666475581444e-003	8.539783e+000	3.228224e-001
7.610781773828952e-003	8.563006e+000	3.241371e-001
7.610876835852590e-003	8.566904e+000	3.252225e-001
7.610982075466058e-003	8.567100e+000	3.264243e-001
7.611101433739987e-003	8.567227e+000	3.277871e-001
7.611222179470850e-003	8.567839e+000	3.291657e-001
7.611300147420258e-003	8.570490e+000	3.300558e-001
7.611342649456449e-003	8.573102e+000	3.305412e-001
7.611389898276662e-003	8.576001e+000	3.310809e-001
7.611499547873431e-003	8.580312e+000	3.323340e-001
7.611648405389858e-003	8.582131e+000	3.340353e-001
7.612274697280461e-003	8.582465e+000	3.411906e-001
7.612900989171063e-003	8.582713e+000	3.483382e-001
7.613527281061666e-003	8.582876e+000	3.554781e-001
7.614153572952269e-003	8.582954e+000	3.626104e-001
7.614779864842872e-003	8.582947e+000	3.697351e-001
7.615406156733474e-003	8.582854e+000	3.768522e-001
7.616032448624077e-003	8.582676e+000	3.839616e-001
7.639870389242817e-003	8.582750e+000	6.498977e-001
7.663307889242816e-003	8.582820e+000	9.034635e-001
7.698464139242815e-003	8.582921e+000	1.268771e+000
7.745339139242816e-003	8.583048e+000	1.725006e+000
7.792214139242816e-003	8.583168e+000	2.156616e+000
7.839089139242817e-003	8.583281e+000	2.563600e+000
7.885964139242817e-003	8.583387e+000	2.945959e+000
7.932839139242818e-003	8.583487e+000	3.303693e+000
7.979714139242819e-003	8.583580e+000	3.636801e+000
8.026589139242819e-003	8.583666e+000	3.945284e+000
8.088531103528536e-003	8.583772e+000	4.322592e+000
8.150473067814253e-003	8.583870e+000	4.674377e+000
8.212415032099969e-003	8.583962e+000	5.000639e+000
8.274356996385686e-003	8.584047e+000	5.301377e+000
8.336298960671403e-003	8.584125e+000	5.576591e+000
8.398240924957119e-003	8.584195e+000	5.826282e+000
8.460182889242836e-003	8.584259e+000	6.050450e+000
8.471901639242836e-003	8.584275e+000	6.091673e+000
8.494318382674457e-003	8.588350e+000	6.168715e+000
8.502380451828107e-003	8.605054e+000	6.195896e+000
8.506115259209407e-003	8.635979e+000	6.208446e+000
8.509850066590708e-003	8.668479e+000	6.221119e+000
8.513584873972009e-003	8.702554e+000	6.233915e+000
8.517319681353311e-003	8.738205e+000	6.246835e+000
8.521054488734612e-003	8.775431e+000	6.259878e+000
8.524789296115913e-003	8.814232e+000	6.273044e+000
8.528524103497213e-003	8.854609e+000	6.286334e+000
8.529319625651486e-003	8.858782e+000	6.289181e+000
8.529637834513196e-003	8.857584e+000	6.290319e+000
8.529825384687646e-003	8.853487e+000	6.290987e+000
8.530200485036547e-003	8.832046e+000	6.292319e+000
8.530386112756135e-003	8.807807e+000	6.292971e+000
8.530530098941620e-003	8.769427e+000	6.293468e+000
8.530686035993038e-003	8.699305e+000	6.293993e+000
8.530819885655672e-003	8.617751e+000	6.294431e+000
8.530907359684743e-003	8.559390e+000	6.294709e+000
8.531003159858179e-003	8.490609e+000	6.295005e+000
8.531105373245095e-003	8.406081e+000	6.295309e+000
8.531224925293931e-003	8.296703e+000	6.295649e+000
8.531371099571680e-003	8.154353e+000	6.296037e+000
8.531564464540852e-003	7.958409e+000	6.296507e+000
8.532374588627302e-003	7.137036e+000	6.297870e+000
8.532806622354656e-003	6.707073e+000	6.298204e+000
8.533520602569386e-003	6.014001e+000	6.298195e+000
8.534307136101234e-003	5.284069e+000	6.297578e+000
8.534729924291848e-003	4.935434e+000	6.296948e+000
8.535106758769590e-003	4.693770e+000	6.296192e+000
8.535474194762570e-003	4.530642e+000	6.295350e+000
8.535799346029526e-003	4.437037e+000	6.294547e+000
8.536115531091590e-003	4.380524e+000	6.293731e+000
8.536508294674746e-003	4.339561e+000	6.292690e+000
8.537082324520235e-003	4.303820e+000	6.291145e+000
8.537286260594763e-003	4.285969e+000	6.290591e+000
8.537369564128062e-003	4.263044e+000	6.290362e+000
8.537440295909292e-003	4.225788e+000	6.290164e+000
8.537510766088302e-003	4.178187e+000	6.289962e+000
8.537596409930888e-003	4.113887e+000	6.289711e+000
8.537704370064498e-003	4.028074e+000	6.289380e+000
8.537883198216115e-003	3.880682e+000	6.288800e+000
8.538435655204537e-003	3.409908e+000	6.286794e+000
8.538709613705014e-003	3.172159e+000	6.285647e+000
8.539246142589602e-003	2.706344e+000	6.283145e+000
8.540429713500840e-003	1.694083e+000	6.276418e+000
8.541357003598817e-003	9.230220e-001	6.269887e+000
8.542804317913821e-003	-2.404752e-001	6.257719e+000
8.544709137323017e-003	-1.686454e+000	6.238013e+000
8.547853337661691e-003	-3.868541e+000	6.197953e+000
8.551269669408149e-003	-6.025078e+000	6.147501e+000
8.551719271404206e-003	-6.281214e+000	6.140111e+000
8.552618475396319e-003	-6.743153e+000	6.124235e+000
8.554416883380545e-003	-7.554003e+000	6.090871e+000
8.557410015813241e-003	-8.656406e+000	6.032710e+000
8.558254735937236e-003	-8.847026e+000	6.015731e+000
8.558833235575295e-003	-8.886437e+000	6.003890e+000
8.559215414862228e-003	-8.888100e+000	5.996058e+000
8.559608157931813e-003	-8.887568e+000	5.988015e+000
8.562418749487417e-003	-8.887726e+000	5.930611e+000
8.565229341043023e-003	-8.887848e+000	5.873442e+000
8.568039932598626e-003	-8.887936e+000	5.816507e+000
8.570850524154232e-003	-8.887988e+000	5.759808e+000
8.573661115709836e-003	-8.888004e+000	5.703343e+000
8.576471707265441e-003	-8.887985e+000	5.647114e+000
8.579282298821045e-003	-8.887931e+000	5.591119e+000
8.615938659577717e-003	-8.888017e+000	4.882885e+000
8.652595020334388e-003	-8.888097e+000	4.205628e+000
8.689251381091060e-003	-8.888173e+000	3.559347e+000
8.725907741847731e-003	-8.888243e+000	2.944043e+000
8.762564102604403e-003	-8.888308e+000	2.359716e+000
8.799220463361073e-003	-8.888368e+000	1.806365e+000
8.835876824117746e-003	-8.888423e+000	1.283990e+000
8.859314324117747e-003	-8.888458e+000	9.612537e-001
8.884216667867748e-003	-8.888487e+000	6.289918e-001
8.885958299546717e-003	-8.888980e+000	6.062160e-001
8.887699931225684e-003	-8.889179e+000	5.834961e-001
8.889441562904653e-003	-8.889085e+000	5.608320e-001
8.891183194583622e-003	-8.888698e+000	5.382237e-001
8.892924826262591e-003	-8.888018e+000	5.156712e-001
8.894666457941559e-003	-8.887044e+000	4.931745e-001
8.896408089620528e-003	-8.885777e+000	4.707337e-001
8.899074052265562e-003	-8.876492e+000	4.365517e-001
8.902115623415785e-003	-8.845375e+000	3.977538e-001
8.903176833759206e-003	-8.809718e+000	3.842980e-001
8.903945652113023e-003	-8.740283e+000	3.746342e-001
8.904552652360101e-003	-8.638616e+000	3.670786e-001
8.904876392751095e-003	-8.559931e+000	3.630958e-001
8.905238155980806e-003	-8.453571e+000	3.587008e-001
8.905977165340613e-003	-8.208367e+000	3.499098e-001
8.906471397561653e-003	-8.027749e+000	3.442068e-001
8.907306914623527e-003	-7.694478e+000	3.349614e-001
8.908977948747275e-003	-6.936070e+000	3.181596e-001
8.912320016994772e-003	-5.173722e+000	2.903623e-001
8.916136467938245e-003	-2.862892e+000	2.675934e-001
8.919044566544295e-003	-9.048039e-001	2.574938e-001
8.920399143705625e-003	7.027001e-002	2.555613e-001
8.921022778206505e-003	5.372695e-001	2.555948e-001
8.922061837809405e-003	1.332288e+000	2.566143e-001
8.923307871378943e-003	2.308714e+000	2.594407e-001
8.924498521558161e-003	3.255372e+000	2.636396e-001
8.925146415854549e-003	3.766051e+000	2.664296e-001
8.925486753728427e-003	4.020908e+000	2.681092e-001
8.925648339040722e-003	4.123714e+000	2.689568e-001
8.925723363772946e-003	4.155818e+000	2.693602e-001
8.925757535974386e-003	4.162368e+000	2.695454e-001
8.925796227133114e-003	4.164550e+000	2.697555e-001
8.925818058589526e-003	4.164986e+000	2.698740e-001
8.925879816535589e-003	4.165303e+000	2.702095e-001
8.927076195111126e-003	4.166557e+000	2.767027e-001
8.927528900838071e-003	4.188405e+000	2.791644e-001
8.927994185625485e-003	4.301878e+000	2.817193e-001
8.928183697494445e-003	4.417876e+000	2.827874e-001
8.928337693269442e-003	4.541499e+000	2.836848e-001
8.928457226897547e-003	4.638918e+000	2.844010e-001
8.928587626971594e-003	4.750183e+000	2.852057e-001
8.928809896816312e-003	4.940539e+000	2.866232e-001
8.929045948267525e-003	5.145408e+000	2.881880e-001
8.929307397716768e-003	5.375124e+000	2.900036e-001
8.929644498796050e-003	5.674623e+000	2.924679e-001
8.930019503936858e-003	6.011697e+000	2.953764e-001
8.930503535575889e-003	6.452036e+000	2.993997e-001
8.931876709262696e-003	7.726562e+000	3.123088e-001
8.932216393378878e-003	8.044921e+000	3.158146e-001
8.932433794896727e-003	8.243583e+000	3.181612e-001
8.932597397562620e-003	8.382708e+000	3.199698e-001
8.932730150795499e-003	8.482429e+000	3.214596e-001
8.932818082990358e-003	8.531096e+000	3.224561e-001
8.932915511045600e-003	8.558126e+000	3.235662e-001
8.933021059072640e-003	8.566313e+000	3.247711e-001
8.933123321680253e-003	8.567101e+000	3.259390e-001
8.933326894491724e-003	8.567361e+000	3.282634e-001
8.933385150109845e-003	8.567627e+000	3.289285e-001
8.933508112559318e-003	8.572194e+000	3.303325e-001
8.933564099634826e-003	8.575699e+000	3.309720e-001
8.933669641885795e-003	8.580070e+000	3.321780e-001
8.933739155124781e-003	8.581351e+000	3.329725e-001
8.933905041923412e-003	8.582413e+000	3.348685e-001
8.969508847979627e-003	8.582636e+000	7.296298e-001
9.005112654035842e-003	8.582828e+000	1.107571e+000
9.040716460092057e-003	8.582990e+000	1.468693e+000
9.076320266148271e-003	8.583121e+000	1.812996e+000
9.111924072204486e-003	8.583222e+000	2.140478e+000
9.147527878260701e-003	8.583292e+000	2.451141e+000
9.183131684316916e-003	8.583331e+000	2.744984e+000
9.246747755745490e-003	8.583467e+000	3.231010e+000
9.310363827174064e-003	8.583593e+000	3.683463e+000
9.373979898602638e-003	8.583710e+000	4.102343e+000
9.437595970031212e-003	8.583818e+000	4.487650e+000
9.501212041459786e-003	8.583917e+000	4.839383e+000
9.564828112888359e-003	8.584006e+000	5.157543e+000
9.628444184316933e-003	8.584086e+000	5.442130e+000
9.651881684316934e-003	8.584114e+000	5.543051e+000
9.675319184316935e-003	8.584141e+000	5.641000e+000
9.698756684316936e-003	8.584168e+000	5.735976e+000
9.722194184316937e-003	8.584195e+000	5.827981e+000
9.745631684316938e-003	8.584221e+000	5.917013e+000
9.769069184316939e-003	8.584247e+000	6.003072e+000
9.792506684316939e-003	8.584272e+000	6.086160e+000
9.804225434316940e-003	8.584294e+000	6.126795e+000
9.821009361565596e-003	8.593370e+000	6.183925e+000
9.827544270486382e-003	8.623856e+000	6.205905e+000
9.839140143185626e-003	8.736283e+000	6.245567e+000
9.844824732589422e-003	8.795319e+000	6.265427e+000
9.849088174642268e-003	8.839429e+000	6.280532e+000
9.851219895668692e-003	8.855059e+000	6.288143e+000
9.851455271675681e-003	8.853745e+000	6.288983e+000
9.851926023689658e-003	8.843274e+000	6.290660e+000
9.851992907122825e-003	8.839828e+000	6.290897e+000
9.852126673989159e-003	8.826627e+000	6.291369e+000
9.852293020537317e-003	8.797476e+000	6.291950e+000
9.852465763012259e-003	8.740644e+000	6.292541e+000
9.852647103172987e-003	8.646295e+000	6.293143e+000
9.852749865926901e-003	8.579945e+000	6.293473e+000
9.852869196192309e-003	8.496259e+000	6.293844e+000
9.852956347992489e-003	8.427128e+000	6.294106e+000
9.853051281715704e-003	8.342291e+000	6.294381e+000
9.853171671130206e-003	8.228106e+000	6.294713e+000
9.853295933048544e-003	8.104361e+000	6.295033e+000
9.853456512653215e-003	7.940455e+000	6.295416e+000
9.854376384354860e-003	7.010062e+000	6.296851e+000
9.854935686866802e-003	6.457288e+000	6.297134e+000
9.855720183285455e-003	5.702999e+000	6.296923e+000
9.856245771206595e-003	5.224163e+000	6.296399e+000
9.856621694282542e-003	4.920538e+000	6.295792e+000
9.856971746020083e-003	4.697188e+000	6.295085e+000
9.857321859713043e-003	4.539587e+000	6.294285e+000
9.857640811329595e-003	4.444512e+000	6.293501e+000
9.857945151925307e-003	4.387408e+000	6.292719e+000
9.858352853425558e-003	4.341941e+000	6.291642e+000
9.858852370175072e-003	4.308964e+000	6.290301e+000
9.859052222263470e-003	4.299547e+000	6.289760e+000
9.859155957980760e-003	4.291385e+000	6.289477e+000
9.859208213557569e-003	4.280026e+000	6.289334e+000
9.859254079047520e-003	4.261474e+000	6.289207e+000
9.859300414673094e-003	4.235503e+000	6.289078e+000
9.859378436415177e-003	4.182849e+000	6.288855e+000
9.859472292255851e-003	4.112933e+000	6.288580e+000
9.859565390934964e-003	4.039208e+000	6.288296e+000
9.859911140993577e-003	3.752288e+000	6.287156e+000
9.860171640027317e-003	3.529628e+000	6.286206e+000
9.860413286147776e-003	3.320601e+000	6.285250e+000
9.860804895743430e-003	2.980183e+000	6.283538e+000
9.861820209203724e-003	2.105090e+000	6.278243e+000
9.862727456112884e-003	1.339864e+000	6.272439e+000
9.863755200011787e-003	4.948276e-001	6.264712e+000
9.865261908172820e-003	-6.970552e-001	6.251145e+000
9.867267250028454e-003	-2.195378e+000	6.229389e+000
9.869877220013474e-003	-3.975105e+000	6.195060e+000
9.873483065990400e-003	-6.066346e+000	6.138007e+000
9.878327030226290e-003	-8.409378e+000	6.051502e+000
9.878429713592806e-003	-8.449560e+000	6.049527e+000
9.878635080325838e-003	-8.516419e+000	6.045412e+000
9.879045813791901e-003	-8.641171e+000	6.037130e+000
9.879657052824899e-003	-8.803123e+000	6.024720e+000
9.879979819912664e-003	-8.859740e+000	6.018128e+000
9.880353292852230e-003	-8.884758e+000	6.010475e+000
9.880646020250589e-003	-8.887950e+000	6.004474e+000
9.881949598729643e-003	-8.887708e+000	5.977782e+000
9.889001751984941e-003	-8.887870e+000	5.834287e+000
9.927574231038874e-003	-8.887976e+000	5.078082e+000
9.966146710092808e-003	-8.888073e+000	4.356405e+000
1.000471918914674e-002	-8.888161e+000	3.669256e+000
1.004329166820067e-002	-8.888240e+000	3.016635e+000
1.008186414725461e-002	-8.888311e+000	2.398542e+000
1.012043662630854e-002	-8.888372e+000	1.814977e+000
1.015900910536247e-002	-8.888425e+000	1.265940e+000
1.018244660536247e-002	-8.888460e+000	9.437773e-001
1.018730825718977e-002	-8.888653e+000	8.781369e-001
1.019216990901707e-002	-8.888757e+000	8.129374e-001
1.019703156084437e-002	-8.888773e+000	7.481787e-001
1.020189321267167e-002	-8.888701e+000	6.838607e-001
1.020675486449897e-002	-8.888541e+000	6.199836e-001
1.021161651632627e-002	-8.888292e+000	5.565472e-001
1.021647816815357e-002	-8.887956e+000	4.935516e-001
1.021748061571449e-002	-8.887116e+000	4.806314e-001
1.021848306327542e-002	-8.885283e+000	4.677338e-001
1.021948551083634e-002	-8.882455e+000	4.548586e-001
1.022048795839726e-002	-8.878632e+000	4.420060e-001
1.022149040595818e-002	-8.873816e+000	4.291759e-001
1.022249285351911e-002	-8.868005e+000	4.163684e-001
1.022349530108003e-002	-8.861199e+000	4.035833e-001
1.022418306231721e-002	-8.849065e+000	3.948467e-001
1.022482290568473e-002	-8.829913e+000	3.867386e-001
1.022535563701923e-002	-8.799586e+000	3.800146e-001
1.022586923461023e-002	-8.744349e+000	3.735720e-001
1.022639791074602e-002	-8.653280e+000	3.669924e-001
1.022670120821210e-002	-8.580586e+000	3.632579e-001
1.022713148186378e-002	-8.455534e+000	3.580260e-001
1.022752245786298e-002	-8.330662e+000	3.533356e-001
1.022789353986995e-002	-8.203477e+000	3.489578e-001
1.022838431314002e-002	-8.023641e+000	3.433014e-001
1.022925622445319e-002	-7.674315e+000	3.336793e-001
1.023100004707954e-002	-6.876805e+000	3.162819e-001
1.023448769233225e-002	-5.019283e+000	2.878017e-001
1.023837424812708e-002	-2.640168e+000	2.655449e-001
1.024132022070359e-002	-6.370563e-001	2.561224e-001
1.024249498454311e-002	2.154715e-001	2.547711e-001
1.024312594203024e-002	6.905634e-001	2.549415e-001
1.024403022913866e-002	1.384435e+000	2.559474e-001
1.024524885408768e-002	2.340813e+000	2.588267e-001
1.024649099430826e-002	3.328270e+000	2.632883e-001
1.024711909407592e-002	3.821250e+000	2.660363e-001
1.024743444261231e-002	4.052214e+000	2.676125e-001
1.024758058408289e-002	4.138445e+000	2.683847e-001
1.024764154594019e-002	4.159078e+000	2.687136e-001
1.024768321625828e-002	4.164022e+000	2.689397e-001
1.024770708112281e-002	4.164799e+000	2.690693e-001
1.024776411552803e-002	4.165241e+000	2.693792e-001
1.024880188366866e-002	4.166188e+000	2.750132e-001
1.024925248949906e-002	4.171361e+000	2.774591e-001
1.024977873615423e-002	4.233469e+000	2.803252e-001
1.024996111962017e-002	4.321614e+000	2.813364e-001
1.025013347443372e-002	4.454898e+000	2.823215e-001
1.025028876509710e-002	4.581777e+000	2.832374e-001
1.025045296207615e-002	4.720639e+000	2.842444e-001
1.025078135603424e-002	5.002449e+000	2.863507e-001
1.025109664194950e-002	5.277518e+000	2.884877e-001
1.025151529008291e-002	5.648879e+000	2.915293e-001
1.025207043003108e-002	6.148882e+000	2.958971e-001
1.025274964458039e-002	6.771107e+000	3.017936e-001
1.025371170794535e-002	7.664604e+000	3.108597e-001
1.025385827902395e-002	7.802120e+000	3.123401e-001
1.025415142118116e-002	8.077465e+000	3.154473e-001
1.025433559042230e-002	8.244575e+000	3.174439e-001
1.025452802403500e-002	8.405926e+000	3.195764e-001
1.025465639019306e-002	8.498281e+000	3.210196e-001
1.025474458113769e-002	8.539976e+000	3.220209e-001
1.025486308467457e-002	8.562960e+000	3.233725e-001
1.025495578769466e-002	8.566906e+000	3.244310e-001
1.025505963455000e-002	8.567101e+000	3.256170e-001
1.025518146889168e-002	8.567231e+000	3.270083e-001
1.025530302916418e-002	8.567849e+000	3.283963e-001
1.025538122496624e-002	8.570550e+000	3.292891e-001
1.025542382736455e-002	8.573178e+000	3.297757e-001
1.025547062908547e-002	8.576045e+000	3.303104e-001
1.025558029943176e-002	8.580329e+000	3.315637e-001
1.025572878900461e-002	8.582132e+000	3.332610e-001
1.025635623920497e-002	8.582466e+000	3.404302e-001
1.025698368940533e-002	8.582713e+000	3.475917e-001
1.025761113960568e-002	8.582876e+000	3.547455e-001
1.025823858980604e-002	8.582954e+000	3.618916e-001
1.025886604000640e-002	8.582946e+000	3.690301e-001
1.025949349020676e-002	8.582854e+000	3.761609e-001
1.026012094040712e-002	8.582676e+000	3.832840e-001
1.028397913624243e-002	8.582750e+000	6.494648e-001
1.030741663624244e-002	8.582820e+000	9.030443e-001
1.034257288624244e-002	8.582921e+000	1.268372e+000
1.038944788624244e-002	8.583048e+000	1.724632e+000
1.043632288624244e-002	8.583168e+000	2.156265e+000
1.048319788624244e-002	8.583281e+000	2.563271e+000
1.053007288624244e-002	8.583387e+000	2.945651e+000
1.057694788624245e-002	8.583487e+000	3.303404e+000
1.062382288624245e-002	8.583580e+000	3.636530e+000
1.067069788624245e-002	8.583666e+000	3.945030e+000
1.073263985052817e-002	8.583772e+000	4.322359e+000
1.079458181481388e-002	8.583870e+000	4.674163e+000
1.085652377909960e-002	8.583962e+000	5.000443e+000
1.091846574338532e-002	8.584047e+000	5.301197e+000
1.098040770767103e-002	8.584125e+000	5.576426e+000
1.104234967195675e-002	8.584195e+000	5.826131e+000
1.110429163624247e-002	8.584259e+000	6.050310e+000
1.111601038624247e-002	8.584275e+000	6.091536e+000
1.113843909488475e-002	8.588281e+000	6.168622e+000
1.114646526225266e-002	8.604746e+000	6.195683e+000
1.115016681747797e-002	8.635059e+000	6.208118e+000
1.115386837270327e-002	8.667053e+000	6.220675e+000
1.115756992792857e-002	8.700728e+000	6.233353e+000
1.116127148315387e-002	8.736082e+000	6.246152e+000
1.116497303837918e-002	8.773118e+000	6.259072e+000
1.116867459360448e-002	8.811834e+000	6.272113e+000
1.117237614882978e-002	8.852230e+000	6.285275e+000
1.117331332869985e-002	8.858635e+000	6.288629e+000
1.117378191863489e-002	8.858426e+000	6.290305e+000
1.117396935460891e-002	8.854434e+000	6.290973e+000
1.117434422655694e-002	8.834126e+000	6.292305e+000
1.117456071241461e-002	8.806433e+000	6.293066e+000
1.117470790939283e-002	8.766602e+000	6.293573e+000
1.117486694309889e-002	8.693480e+000	6.294108e+000
1.117499199187981e-002	8.616470e+000	6.294517e+000
1.117508054246275e-002	8.557285e+000	6.294798e+000
1.117517239256497e-002	8.491430e+000	6.295081e+000
1.117526975479189e-002	8.410961e+000	6.295372e+000
1.117539073059351e-002	8.300502e+000	6.295715e+000
1.117553671428355e-002	8.158626e+000	6.296104e+000
1.117572531816760e-002	7.967619e+000	6.296564e+000
1.117648768674054e-002	7.193848e+000	6.297890e+000
1.117688153112700e-002	6.800709e+000	6.298244e+000
1.117749391059705e-002	6.202106e+000	6.298344e+000
1.117829536718908e-002	5.446199e+000	6.297864e+000
1.117878973325366e-002	5.021620e+000	6.297211e+000
1.117919633472672e-002	4.741891e+000	6.296438e+000
1.117958566655605e-002	4.554642e+000	6.295565e+000
1.117994226494203e-002	4.445238e+000	6.294692e+000
1.118029430737078e-002	4.379990e+000	6.293787e+000
1.118067793802999e-002	4.339396e+000	6.292770e+000
1.118124536111908e-002	4.304304e+000	6.291243e+000
1.118145037275903e-002	4.287297e+000	6.290685e+000
1.118153375473249e-002	4.265756e+000	6.290456e+000
1.118160039535020e-002	4.232028e+000	6.290270e+000
1.118166702180734e-002	4.187865e+000	6.290080e+000
1.118175635083421e-002	4.121542e+000	6.289819e+000
1.118185263659873e-002	4.045511e+000	6.289526e+000
1.118203165191556e-002	3.898623e+000	6.288951e+000
1.118251631681421e-002	3.487012e+000	6.287221e+000
1.118277939354181e-002	3.259030e+000	6.286158e+000
1.118319031344643e-002	2.901886e+000	6.284320e+000
1.118427504014601e-002	1.969308e+000	6.278491e+000
1.118527641708716e-002	1.129480e+000	6.271821e+000
1.118643066103869e-002	1.893745e-001	6.262701e+000
1.118814245244771e-002	-1.141016e+000	6.246257e+000
1.119064230309482e-002	-2.944918e+000	6.216775e+000
1.119404852179294e-002	-5.081841e+000	6.166988e+000
1.119938134450183e-002	-7.945100e+000	6.076949e+000
1.119954949778785e-002	-8.020753e+000	6.073837e+000
1.119988580435988e-002	-8.149193e+000	6.067261e+000
1.120055841750395e-002	-8.386703e+000	6.053945e+000
1.120155213560256e-002	-8.701490e+000	6.034009e+000
1.120200061169573e-002	-8.816624e+000	6.024907e+000
1.120233080366717e-002	-8.864979e+000	6.018154e+000
1.120281661545029e-002	-8.886953e+000	6.008195e+000
1.120308680835499e-002	-8.888122e+000	6.002656e+000
1.120344033125706e-002	-8.887558e+000	5.995413e+000
1.120535412112466e-002	-8.887694e+000	5.956278e+000
1.120726791099226e-002	-8.887801e+000	5.917251e+000
1.120918170085986e-002	-8.887880e+000	5.878334e+000
1.121109549072746e-002	-8.887929e+000	5.839526e+000
1.121300928059505e-002	-8.887950e+000	5.800826e+000
1.121492307046265e-002	-8.887941e+000	5.762236e+000
1.121683686033025e-002	-8.887904e+000	5.723754e+000
1.125475128578707e-002	-8.887999e+000	4.985507e+000
1.129266571124388e-002	-8.888086e+000	4.280483e+000
1.133058013670070e-002	-8.888167e+000	3.608682e+000
1.136849456215752e-002	-8.888242e+000	2.970103e+000
1.140640898761434e-002	-8.888310e+000	2.364747e+000
1.144432341307115e-002	-8.888371e+000	1.792613e+000
1.148223783852797e-002	-8.888426e+000	1.253703e+000
1.150567533852797e-002	-8.888461e+000	9.319288e-001
1.151044460291891e-002	-8.888737e+000	8.676044e-001
1.151521386730985e-002	-8.888887e+000	8.037049e-001
1.151998313170079e-002	-8.888912e+000	7.402303e-001
1.152475239609173e-002	-8.888812e+000	6.771805e-001
1.152952166048266e-002	-8.888586e+000	6.145555e-001
1.153429092487360e-002	-8.888236e+000	5.523553e-001
1.153906018926454e-002	-8.887759e+000	4.905801e-001
1.153998706642905e-002	-8.886838e+000	4.786386e-001
1.154091394359356e-002	-8.885132e+000	4.667159e-001
1.154184082075807e-002	-8.882639e+000	4.548119e-001
1.154276769792258e-002	-8.879362e+000	4.429266e-001
1.154369457508709e-002	-8.875299e+000	4.310600e-001
1.154462145225159e-002	-8.870450e+000	4.192121e-001
1.154554832941610e-002	-8.864816e+000	4.073829e-001
1.154624087857229e-002	-8.854383e+000	3.985777e-001
1.154706460844785e-002	-8.833433e+000	3.881299e-001
1.154760408121033e-002	-8.806745e+000	3.813137e-001
1.154812560968899e-002	-8.754715e+000	3.747660e-001
1.154874148405931e-002	-8.652903e+000	3.670956e-001
1.154906181921893e-002	-8.577163e+000	3.631503e-001
1.154949986309693e-002	-8.449470e+000	3.578264e-001
1.154989662454593e-002	-8.322281e+000	3.530703e-001
1.155026523254947e-002	-8.195486e+000	3.487263e-001
1.155077104790577e-002	-8.009352e+000	3.429064e-001
1.155166751208977e-002	-7.648236e+000	3.330443e-001
1.155346044045778e-002	-6.822241e+000	3.152863e-001
1.155704629719379e-002	-4.896298e+000	2.864634e-001
1.156099403566363e-002	-2.462883e+000	2.644436e-001
1.156377309918502e-002	-5.637481e-001	2.559548e-001
1.156488367528503e-002	2.447120e-001	2.547984e-001
1.156550940372575e-002	7.163669e-001	2.549946e-001
1.156637362196865e-002	1.379862e+000	2.559789e-001
1.156761437361303e-002	2.353509e+000	2.588974e-001
1.156881036123462e-002	3.304519e+000	2.631913e-001
1.156944339778742e-002	3.802250e+000	2.659512e-001
1.156976507608507e-002	4.040146e+000	2.675519e-001
1.156991640624898e-002	4.132599e+000	2.683493e-001
1.156998276183866e-002	4.157771e+000	2.687069e-001
1.157001959777992e-002	4.163399e+000	2.689067e-001
1.157004776646722e-002	4.164641e+000	2.690597e-001
1.157007232413954e-002	4.165014e+000	2.691931e-001
1.157018356944086e-002	4.165356e+000	2.697974e-001
1.157139068801463e-002	4.166698e+000	2.763497e-001
1.157182478878173e-002	4.181946e+000	2.787079e-001
1.157219652020334e-002	4.261980e+000	2.807410e-001
1.157235995784105e-002	4.358022e+000	2.816535e-001
1.157249694350120e-002	4.466798e+000	2.824403e-001
1.157261849189999e-002	4.565045e+000	2.831569e-001
1.157274755365738e-002	4.673923e+000	2.839391e-001
1.157294323672900e-002	4.840307e+000	2.851614e-001
1.157313941675907e-002	5.009265e+000	2.864301e-001
1.157337056054941e-002	5.210824e+000	2.879872e-001
1.157365572694758e-002	5.462176e+000	2.899972e-001
1.157398355276374e-002	5.754471e+000	2.924342e-001
1.157441033078912e-002	6.139435e+000	2.958131e-001
1.157494552476798e-002	6.628516e+000	3.003817e-001
1.157564832154063e-002	7.280211e+000	3.069651e-001
1.157662268117982e-002	8.192294e+000	3.167910e-001
1.157666716278721e-002	8.232473e+000	3.172654e-001
1.157675612600199e-002	8.308026e+000	3.182497e-001
1.157693405243156e-002	8.448414e+000	3.202386e-001
1.157705104722317e-002	8.521776e+000	3.215600e-001
1.157714726759619e-002	8.554495e+000	3.226553e-001
1.157726312283112e-002	8.566067e+000	3.239777e-001
1.157734087023149e-002	8.567056e+000	3.248656e-001
1.157762968140577e-002	8.567820e+000	3.281636e-001
1.157769713853897e-002	8.569146e+000	3.289338e-001
1.157774593514465e-002	8.571455e+000	3.294910e-001
1.157779844673391e-002	8.574747e+000	3.300909e-001
1.157790031368889e-002	8.579511e+000	3.312549e-001
1.157796052920812e-002	8.580912e+000	3.319432e-001
1.157812136942438e-002	8.582321e+000	3.337816e-001
1.160334998523966e-002	8.582558e+000	6.161965e-001
1.162857860105494e-002	8.582755e+000	8.897681e-001
1.165380721687022e-002	8.582914e+000	1.154497e+000
1.167903583268550e-002	8.583033e+000	1.410382e+000
1.170426444850078e-002	8.583114e+000	1.657424e+000
1.172949306431606e-002	8.583156e+000	1.895623e+000
1.175472168013134e-002	8.583158e+000	2.124978e+000
1.178652971584562e-002	8.583236e+000	2.402629e+000
1.181833775155991e-002	8.583310e+000	2.669534e+000
1.185014578727420e-002	8.583381e+000	2.925693e+000
1.188195382298848e-002	8.583450e+000	3.171106e+000
1.191376185870277e-002	8.583515e+000	3.405773e+000
1.194556989441706e-002	8.583578e+000	3.629694e+000
1.197737793013134e-002	8.583637e+000	3.842868e+000
1.198909668013135e-002	8.583659e+000	3.919513e+000
1.200000000000000e-002	8.583675e+000	3.989983e+000
