Freq.	V(vout)
1.00000000000000e+000	1.00005232122453e+001,-5.57907605933600e-006
1.02329299228075e+000	1.00005232122534e+001,-5.70902943443686e-006
1.04712854805090e+000	1.00005232122620e+001,-5.84200981297043e-006
1.07151930523761e+000	1.00005232122709e+001,-5.97808770292654e-006
1.09647819614318e+000	1.00005232122803e+001,-6.11733525337727e-006
1.12201845430196e+000	1.00005232122901e+001,-6.25982629619658e-006
1.14815362149688e+000	1.00005232123003e+001,-6.40563638177546e-006
1.17489755493953e+000	1.00005232123111e+001,-6.55484282055063e-006
1.20226443461741e+000	1.00005232123223e+001,-6.70752472402780e-006
1.23026877081238e+000	1.00005232123341e+001,-6.86376304534315e-006
1.25892541179417e+000	1.00005232123465e+001,-7.02364062524149e-006
1.28824955169313e+000	1.00005232123594e+001,-7.18724223208364e-006
1.31825673855641e+000	1.00005232123729e+001,-7.35465460988907e-006
1.34896288259165e+000	1.00005232123871e+001,-7.52596652260632e-006
1.38038426460288e+000	1.00005232124019e+001,-7.70126880237464e-006
1.41253754462275e+000	1.00005232124175e+001,-7.88065439710788e-006
1.44543977074593e+000	1.00005232124337e+001,-8.06421842010967e-006
1.47910838816821e+000	1.00005232124508e+001,-8.25205819714207e-006
1.51356124843621e+000	1.00005232124686e+001,-8.44427332464064e-006
1.54881661891248e+000	1.00005232124873e+001,-8.64096571796518e-006
1.58489319246111e+000	1.00005232125068e+001,-8.84223966568587e-006
1.62181009735893e+000	1.00005232125273e+001,-9.04820188591384e-006
1.65958690743756e+000	1.00005232125488e+001,-9.25896158292608e-006
1.69824365246174e+000	1.00005232125712e+001,-9.47463050276753e-006
1.73780082874937e+000	1.00005232125948e+001,-9.69532299827050e-006
1.77827941003892e+000	1.00005232126194e+001,-9.92115608237260e-006
1.81970085860998e+000	1.00005232126452e+001,-1.01522494939274e-005
1.86208713666287e+000	1.00005232126722e+001,-1.03887257625193e-005
1.90546071796325e+000	1.00005232127004e+001,-1.06307102723092e-005
1.94984459975804e+000	1.00005232127300e+001,-1.08783313245353e-005
1.99526231496888e+000	1.00005232127610e+001,-1.11317202115549e-005
2.04173794466953e+000	1.00005232127935e+001,-1.13910112848853e-005
2.08929613085404e+000	1.00005232128275e+001,-1.16563420227091e-005
2.13796208950223e+000	1.00005232128631e+001,-1.19278531068611e-005
2.18776162394955e+000	1.00005232129004e+001,-1.22056884970848e-005
2.23872113856834e+000	1.00005232129394e+001,-1.24899955048990e-005
2.29086765276777e+000	1.00005232129803e+001,-1.27809248736427e-005
2.34422881531992e+000	1.00005232130231e+001,-1.30786308584558e-005
2.39883291901949e+000	1.00005232130679e+001,-1.33832713059251e-005
2.45470891568503e+000	1.00005232131148e+001,-1.36950077404102e-005
2.51188643150958e+000	1.00005232131639e+001,-1.40140054503876e-005
2.57039578276886e+000	1.00005232132154e+001,-1.43404335709698e-005
2.63026799189538e+000	1.00005232132693e+001,-1.46744651792310e-005
2.69153480392691e+000	1.00005232133257e+001,-1.50162773831502e-005
2.75422870333816e+000	1.00005232133847e+001,-1.53660514154471e-005
2.81838293126445e+000	1.00005232134466e+001,-1.57239727328428e-005
2.88403150312660e+000	1.00005232135114e+001,-1.60902311073918e-005
2.95120922666638e+000	1.00005232135792e+001,-1.64650207367541e-005
3.01995172040201e+000	1.00005232136502e+001,-1.68485403366653e-005
3.09029543251359e+000	1.00005232137246e+001,-1.72409932563291e-005
3.16227766016837e+000	1.00005232138025e+001,-1.76425875795231e-005
3.23593656929628e+000	1.00005232138840e+001,-1.80535362346914e-005
3.31131121482591e+000	1.00005232139694e+001,-1.84740571144267e-005
3.38844156139202e+000	1.00005232140588e+001,-1.89043731837393e-005
3.46736850452531e+000	1.00005232141524e+001,-1.93447126018986e-005
3.54813389233575e+000	1.00005232142505e+001,-1.97953088426936e-005
3.63078054770101e+000	1.00005232143531e+001,-2.02564008182089e-005
3.71535229097172e+000	1.00005232144606e+001,-2.07282330055122e-005
3.80189396320560e+000	1.00005232145732e+001,-2.12110555753945e-005
3.89045144994280e+000	1.00005232146910e+001,-2.17051245302899e-005
3.98107170553496e+000	1.00005232148145e+001,-2.22107018276988e-005
4.07380277804112e+000	1.00005232149437e+001,-2.27280555331403e-005
4.16869383470335e+000	1.00005232150790e+001,-2.32574599534360e-005
4.26579518801592e+000	1.00005232152207e+001,-2.37991957877068e-005
4.36515832240165e+000	1.00005232153691e+001,-2.43535502715221e-005
4.46683592150962e+000	1.00005232155245e+001,-2.49208173279502e-005
4.57088189614874e+000	1.00005232156872e+001,-2.55012977324979e-005
4.67735141287197e+000	1.00005232158576e+001,-2.60952992636257e-005
4.78630092322637e+000	1.00005232160360e+001,-2.67031368655723e-005
4.89778819368445e+000	1.00005232162228e+001,-2.73251328250992e-005
5.01187233627271e+000	1.00005232164184e+001,-2.79616169316115e-005
5.12861383991364e+000	1.00005232166232e+001,-2.86129266585796e-005
5.24807460249771e+000	1.00005232168377e+001,-2.92794073354936e-005
5.37031796370252e+000	1.00005232170623e+001,-2.99614123439931e-005
5.49540873857623e+000	1.00005232172974e+001,-3.06593032885277e-005
5.62341325190348e+000	1.00005232175437e+001,-3.13734502000173e-005
5.75439937337156e+000	1.00005232178016e+001,-3.21042317311473e-005
5.88843655355588e+000	1.00005232180716e+001,-3.28520353506856e-005
6.02559586074356e+000	1.00005232183543e+001,-3.36172575539925e-005
6.16595001861481e+000	1.00005232186504e+001,-3.44003040719921e-005
6.30957344480192e+000	1.00005232189604e+001,-3.52015900863015e-005
6.45654229034654e+000	1.00005232192850e+001,-3.60215404493454e-005
6.60693448007594e+000	1.00005232196250e+001,-3.68605899111651e-005
6.76082975391980e+000	1.00005232199809e+001,-3.77191833407547e-005
6.91830970918935e+000	1.00005232203536e+001,-3.85977759849211e-005
7.07945784384136e+000	1.00005232207439e+001,-3.94968336805256e-005
7.24435960074988e+000	1.00005232211526e+001,-4.04168331165092e-005
7.41310241300916e+000	1.00005232215805e+001,-4.13582620936048e-005
7.58577575029182e+000	1.00005232220287e+001,-4.23216197700052e-005
7.76247116628690e+000	1.00005232224979e+001,-4.33074169254354e-005
7.94328234724279e+000	1.00005232229892e+001,-4.43161762496253e-005
8.12830516164097e+000	1.00005232235037e+001,-4.53484325909851e-005
8.31763771102669e+000	1.00005232240425e+001,-4.64047332746342e-005
8.51138038202374e+000	1.00005232246066e+001,-4.74856383673513e-005
8.70963589956078e+000	1.00005232251974e+001,-4.85917209636579e-005
8.91250938133743e+000	1.00005232258159e+001,-4.97235675368077e-005
9.12010839355907e+000	1.00005232264636e+001,-5.08817782028612e-005
9.33254300796988e+000	1.00005232271419e+001,-5.20669670625406e-005
9.54992586021433e+000	1.00005232278521e+001,-5.32797625121703e-005
9.77237220955808e+000	1.00005232285958e+001,-5.45208076005648e-005
9.99999999999997e+000	1.00005232293745e+001,-5.57907603396095e-005
1.02329299228075e+001	1.00005232301899e+001,-5.70902940748253e-005
1.04712854805090e+001	1.00005232310438e+001,-5.84200978431806e-005
1.07151930523760e+001	1.00005232319379e+001,-5.97808767146249e-005
1.09647819614318e+001	1.00005232328741e+001,-6.11733521992659e-005
1.12201845430196e+001	1.00005232338545e+001,-6.25982626009566e-005
1.14815362149688e+001	1.00005232348811e+001,-6.40563634363331e-005
1.17489755493953e+001	1.00005232359560e+001,-6.55484277939768e-005
1.20226443461741e+001	1.00005232370816e+001,-6.70752467965490e-005
1.23026877081238e+001	1.00005232382603e+001,-6.86376299837594e-005
1.25892541179416e+001	1.00005232394945e+001,-7.02364057461230e-005
1.28824955169313e+001	1.00005232407869e+001,-7.18724217753683e-005
1.31825673855640e+001	1.00005232421401e+001,-7.35465455175858e-005
1.34896288259165e+001	1.00005232435572e+001,-7.52596646031821e-005
1.38038426460288e+001	1.00005232450410e+001,-7.70126873626671e-005
1.41253754462275e+001	1.00005232465948e+001,-7.88065432559170e-005
1.44543977074592e+001	1.00005232482218e+001,-8.06421834314624e-005
1.47910838816820e+001	1.00005232499255e+001,-8.25205811435016e-005
1.51356124843620e+001	1.00005232517095e+001,-8.44427323630799e-005
1.54881661891248e+001	1.00005232535775e+001,-8.64096562368809e-005
1.58489319246111e+001	1.00005232555336e+001,-8.84223956430220e-005
1.62181009735892e+001	1.00005232575819e+001,-9.04820177804282e-005
1.65958690743755e+001	1.00005232597267e+001,-9.25896146655909e-005
1.69824365246174e+001	1.00005232619725e+001,-9.47463037926768e-005
1.73780082874937e+001	1.00005232643243e+001,-9.69532286510103e-005
1.77827941003892e+001	1.00005232667868e+001,-9.92115593927018e-005
1.81970085860998e+001	1.00005232693655e+001,-1.01522493410287e-004
1.86208713666286e+001	1.00005232720656e+001,-1.03887255995416e-004
1.90546071796324e+001	1.00005232748930e+001,-1.06307100967581e-004
1.94984459975804e+001	1.00005232778537e+001,-1.08783311359804e-004
1.99526231496887e+001	1.00005232809538e+001,-1.11317200095360e-004
2.04173794466952e+001	1.00005232842001e+001,-1.13910110689100e-004
2.08929613085403e+001	1.00005232875994e+001,-1.16563417908069e-004
2.13796208950222e+001	1.00005232911589e+001,-1.19278528593802e-004
2.18776162394954e+001	1.00005232948861e+001,-1.22056882318809e-004
2.23872113856833e+001	1.00005232987890e+001,-1.24899952201885e-004
2.29086765276776e+001	1.00005233028759e+001,-1.27809245685691e-004
2.34422881531991e+001	1.00005233071553e+001,-1.30786305310249e-004
2.39883291901948e+001	1.00005233116365e+001,-1.33832709545511e-004
2.45470891568502e+001	1.00005233163288e+001,-1.36950073650884e-004
2.51188643150957e+001	1.00005233212422e+001,-1.40140050482229e-004
2.57039578276885e+001	1.00005233263873e+001,-1.43404331394518e-004
2.63026799189537e+001	1.00005233317748e+001,-1.46744647168794e-004
2.69153480392690e+001	1.00005233374162e+001,-1.50162768883797e-004
2.75422870333815e+001	1.00005233433234e+001,-1.53660508859239e-004
2.81838293126444e+001	1.00005233495091e+001,-1.57239721641218e-004
2.88403150312659e+001	1.00005233559863e+001,-1.60902304993540e-004
2.95120922666637e+001	1.00005233627688e+001,-1.64650200845191e-004
3.01995172040200e+001	1.00005233698709e+001,-1.68485396384781e-004
3.09029543251358e+001	1.00005233773077e+001,-1.72409925067524e-004
3.16227766016837e+001	1.00005233850950e+001,-1.76425867770998e-004
3.23593656929627e+001	1.00005233932493e+001,-1.80535353748773e-004
3.31131121482590e+001	1.00005234017879e+001,-1.84740561931209e-004
3.38844156139201e+001	1.00005234107290e+001,-1.89043721965419e-004
3.46736850452530e+001	1.00005234200914e+001,-1.93447115448955e-004
3.54813389233574e+001	1.00005234298950e+001,-1.97953077084230e-004
3.63078054770100e+001	1.00005234401607e+001,-2.02563996036908e-004
3.71535229097171e+001	1.00005234509102e+001,-2.07282317049863e-004
3.80189396320559e+001	1.00005234621662e+001,-2.12110541809413e-004
3.89045144994279e+001	1.00005234739528e+001,-2.17051230343156e-004
3.98107170553495e+001	1.00005234862949e+001,-2.22107002257352e-004
4.07380277804111e+001	1.00005234992186e+001,-2.27280538175881e-004
4.16869383470333e+001	1.00005235127514e+001,-2.32574581161467e-004
4.26579518801591e+001	1.00005235269219e+001,-2.37991938179882e-004
4.36515832240164e+001	1.00005235417604e+001,-2.43535481609311e-004
4.46683592150961e+001	1.00005235572981e+001,-2.49208150664122e-004
4.57088189614873e+001	1.00005235735681e+001,-2.55012953081645e-004
4.67735141287196e+001	1.00005235906049e+001,-2.60952966648802e-004
4.78630092322636e+001	1.00005236084445e+001,-2.67031340832711e-004
4.89778819368444e+001	1.00005236271250e+001,-2.73251298438094e-004
5.01187233627270e+001	1.00005236466858e+001,-2.79616137371034e-004
5.12861383991362e+001	1.00005236671685e+001,-2.86129232356016e-004
5.24807460249770e+001	1.00005236886166e+001,-2.92794036677072e-004
5.37031796370250e+001	1.00005237110754e+001,-2.99614084126548e-004
5.49540873857622e+001	1.00005237345927e+001,-3.06592990748161e-004
5.62341325190346e+001	1.00005237592183e+001,-3.13734456876519e-004
5.75439937337154e+001	1.00005237850045e+001,-3.21042268960622e-004
5.88843655355586e+001	1.00005238120060e+001,-3.28520301697994e-004
6.02559586074355e+001	1.00005238402800e+001,-3.36172520039580e-004
6.16595001861479e+001	1.00005238698865e+001,-3.44002981235403e-004
6.30957344480190e+001	1.00005239008884e+001,-3.52015837138669e-004
6.45654229034652e+001	1.00005239333513e+001,-3.60215336210905e-004
6.60693448007593e+001	1.00005239673441e+001,-3.68605825929684e-004
6.76082975391978e+001	1.00005240029390e+001,-3.77191755007215e-004
6.91830970918933e+001	1.00005240402114e+001,-3.85977675856872e-004
7.07945784384134e+001	1.00005240792404e+001,-3.94968246771750e-004
7.24435960074986e+001	1.00005241201088e+001,-4.04168234709125e-004
7.41310241300914e+001	1.00005241629032e+001,-4.13582517546693e-004
7.58577575029180e+001	1.00005242077145e+001,-4.23216086899756e-004
7.76247116628688e+001	1.00005242546377e+001,-4.33074050584926e-004
7.94328234724277e+001	1.00005243037723e+001,-4.43161635302278e-004
8.12830516164095e+001	1.00005243552225e+001,-4.53484189638628e-004
8.31763771102667e+001	1.00005244090976e+001,-4.64047186748216e-004
8.51138038202372e+001	1.00005244655116e+001,-4.74856227193612e-004
8.70963589956076e+001	1.00005245245844e+001,-4.85917042006398e-004
8.91250938133741e+001	1.00005245864412e+001,-4.97235495707109e-004
9.12010839355905e+001	1.00005246512133e+001,-5.08817589561357e-004
9.33254300796986e+001	1.00005247190379e+001,-5.20669464349110e-004
9.54992586021431e+001	1.00005247900590e+001,-5.32797404159545e-004
9.77237220955805e+001	1.00005248644272e+001,-5.45207839170920e-004
9.99999999999995e+001	1.00005249423003e+001,-5.57907349647201e-004
1.02329299228075e+002	1.00005250238435e+001,-5.70902668827832e-004
1.04712854805089e+002	1.00005251092297e+001,-5.84200687089017e-004
1.07151930523760e+002	1.00005251986400e+001,-5.97808454942205e-004
1.09647819614318e+002	1.00005252922640e+001,-6.11733187461199e-004
1.12201845430196e+002	1.00005253903005e+001,-6.25982267605466e-004
1.14815362149688e+002	1.00005254929572e+001,-6.40563250272332e-004
1.17489755493952e+002	1.00005256004521e+001,-6.55483866380103e-004
1.20226443461741e+002	1.00005257130130e+001,-6.70752027027942e-004
1.23026877081237e+002	1.00005258308787e+001,-6.86375827306594e-004
1.25892541179416e+002	1.00005259542993e+001,-7.02363551136470e-004
1.28824955169313e+002	1.00005260835365e+001,-7.18723675247962e-004
1.31825673855640e+002	1.00005262188645e+001,-7.35464873840139e-004
1.34896288259165e+002	1.00005263605703e+001,-7.52596023182871e-004
1.38038426460288e+002	1.00005265089545e+001,-7.70126206198765e-004
1.41253754462275e+002	1.00005266643318e+001,-7.88064717429742e-004
1.44543977074592e+002	1.00005268270318e+001,-8.06421068004802e-004
1.47910838816820e+002	1.00005269973997e+001,-8.25204990387216e-004
1.51356124843620e+002	1.00005271757967e+001,-8.44426443858916e-004
1.54881661891247e+002	1.00005273626014e+001,-8.64095619601622e-004
1.58489319246110e+002	1.00005275582099e+001,-8.84222946309810e-004
1.62181009735892e+002	1.00005277630372e+001,-9.04819095362573e-004
1.65958690743755e+002	1.00005279775176e+001,-9.25894986836822e-004
1.69824365246173e+002	1.00005282021063e+001,-9.47461795039205e-004
1.73780082874936e+002	1.00005284372794e+001,-9.69530954815681e-004
1.77827941003891e+002	1.00005286835360e+001,-9.92114166990675e-004
1.81970085860997e+002	1.00005289413983e+001,-1.01522340515476e-003
1.86208713666286e+002	1.00005292114133e+001,-1.03887092156901e-003
1.90546071796323e+002	1.00005294941537e+001,-1.06306925416019e-003
1.94984459975803e+002	1.00005297902193e+001,-1.08783123252901e-003
1.99526231496887e+002	1.00005301002380e+001,-1.11316998544348e-003
2.04173794466952e+002	1.00005304248675e+001,-1.13909894708751e-003
2.08929613085403e+002	1.00005307647963e+001,-1.16563186485969e-003
2.13796208950222e+002	1.00005311207455e+001,-1.19278280615619e-003
2.18776162394954e+002	1.00005314934701e+001,-1.22056616610631e-003
2.23872113856832e+002	1.00005318837607e+001,-1.24899667490429e-003
2.29086765276776e+002	1.00005322924452e+001,-1.27808940611844e-003
2.34422881531991e+002	1.00005327203904e+001,-1.30785978423081e-003
2.39883291901947e+002	1.00005331685040e+001,-1.33832359284822e-003
2.45470891568501e+002	1.00005336377367e+001,-1.36949698333575e-003
2.51188643150956e+002	1.00005341290837e+001,-1.40139648310605e-003
2.57039578276885e+002	1.00005346435872e+001,-1.43403900460083e-003
2.63026799189536e+002	1.00005351823385e+001,-1.46744185414458e-003
2.69153480392690e+002	1.00005357464805e+001,-1.50162274105332e-003
2.75422870333815e+002	1.00005363372097e+001,-1.53659978694788e-003
2.81838293126443e+002	1.00005369557793e+001,-1.57239153572957e-003
2.88403150312659e+002	1.00005376035012e+001,-1.60901696277129e-003
2.95120922666637e+002	1.00005382817493e+001,-1.64649548594334e-003
3.01995172040200e+002	1.00005389919625e+001,-1.68484697499816e-003
3.09029543251357e+002	1.00005397356470e+001,-1.72409176212870e-003
3.16227766016836e+002	1.00005405143804e+001,-1.76425065336121e-003
3.23593656929626e+002	1.00005413298146e+001,-1.80534493931945e-003
3.31131121482589e+002	1.00005421836791e+001,-1.84739640620678e-003
3.38844156139200e+002	1.00005430777852e+001,-1.89042734755386e-003
3.46736850452529e+002	1.00005440140293e+001,-1.93446057634488e-003
3.54813389233573e+002	1.00005449943975e+001,-1.97951943632045e-003
3.63078054770099e+002	1.00005460209692e+001,-2.02562781511958e-003
3.71535229097170e+002	1.00005470959220e+001,-2.07281015662593e-003
3.80189396320558e+002	1.00005482215360e+001,-2.12109147356186e-003
3.89045144994278e+002	1.00005494001988e+001,-2.17049736167708e-003
3.98107170553494e+002	1.00005506344106e+001,-2.22105401209010e-003
4.07380277804110e+002	1.00005519267893e+001,-2.27278822592588e-003
4.16869383470332e+002	1.00005532800763e+001,-2.32572742890733e-003
4.26579518801589e+002	1.00005546971422e+001,-2.37989968466515e-003
4.36515832240163e+002	1.00005561809927e+001,-2.43533371001620e-003
4.46683592150960e+002	1.00005577347754e+001,-2.49205889126917e-003
4.57088189614872e+002	1.00005593617862e+001,-2.55010529788421e-003
4.67735141287195e+002	1.00005610654762e+001,-2.60950370041737e-003
4.78630092322635e+002	1.00005628494593e+001,-2.67028558516374e-003
4.89778819368443e+002	1.00005647175196e+001,-2.73248317130554e-003
5.01187233627268e+002	1.00005666736196e+001,-2.79612942840362e-003
5.12861383991361e+002	1.00005687219085e+001,-2.86125809328906e-003
5.24807460249769e+002	1.00005708667313e+001,-2.92790368848144e-003
5.37031796370249e+002	1.00005731126374e+001,-2.99610153987229e-003
5.49540873857620e+002	1.00005754643910e+001,-3.06588779537659e-003
5.62341325190345e+002	1.00005779269804e+001,-3.13729944453379e-003
5.75439937337152e+002	1.00005805056294e+001,-3.21037433809069e-003
5.88843655355584e+002	1.00005832058078e+001,-3.28515120749888e-003
6.02559586074353e+002	1.00005860332433e+001,-3.36166968521483e-003
6.16595001861477e+002	1.00005889939334e+001,-3.43997032672943e-003
6.30957344480188e+002	1.00005920941585e+001,-3.52009463135047e-003
6.45654229034650e+002	1.00005953404947e+001,-3.60208506353106e-003
6.60693448007591e+002	1.00005987398283e+001,-3.68598507599131e-003
6.76082975391976e+002	1.00006022993700e+001,-3.77183913252394e-003
6.91830970918931e+002	1.00006060266705e+001,-3.85969273210564e-003
7.07945784384132e+002	1.00006099296362e+001,-3.94959243233661e-003
7.24435960074984e+002	1.00006140165463e+001,-4.04158587217965e-003
7.41310241300911e+002	1.00006182960702e+001,-4.13572180097803e-003
7.58577575029177e+002	1.00006227772857e+001,-4.23205010128208e-003
7.76247116628685e+002	1.00006274696988e+001,-4.33062181541580e-003
7.94328234724275e+002	1.00006323832632e+001,-4.43148917378805e-003
8.12830516164092e+002	1.00006375284019e+001,-4.53470562159295e-003
8.31763771102664e+002	1.00006429160293e+001,-4.64032584601837e-003
8.51138038202369e+002	1.00006485575739e+001,-4.74840580651198e-003
8.70963589956073e+002	1.00006544650032e+001,-4.85900276451933e-003
8.91250938133738e+002	1.00006606508486e+001,-4.97217531064757e-003
9.12010839355902e+002	1.00006671282321e+001,-5.08798340027941e-003
9.33254300796983e+002	1.00006739108943e+001,-5.20648838091816e-003
9.54992586021428e+002	1.00006810132235e+001,-5.32775302689459e-003
9.77237220955802e+002	1.00006884502859e+001,-5.45184156999632e-003
9.99999999999991e+002	1.00006962378583e+001,-5.57881973695307e-003
1.02329299228075e+003	1.00007043924606e+001,-5.70875477975000e-003
1.04712854805089e+003	1.00007129313918e+001,-5.84171551455360e-003
1.07151930523760e+003	1.00007218727661e+001,-5.97777235530640e-003
1.09647819614318e+003	1.00007312355516e+001,-6.11699735156262e-003
1.12201845430195e+003	1.00007410396105e+001,-6.25946422729256e-003
1.14815362149687e+003	1.00007513057411e+001,-6.40524841725775e-003
1.17489755493952e+003	1.00007620557221e+001,-6.55442710798877e-003
1.20226443461740e+003	1.00007733123591e+001,-6.70707927821640e-003
1.23026877081237e+003	1.00007850995323e+001,-6.86328574077862e-003
1.25892541179416e+003	1.00007974422476e+001,-7.02312918235941e-003
1.28824955169312e+003	1.00008103666900e+001,-7.18669420886000e-003
1.31825673855640e+003	1.00008239002786e+001,-7.35406739053603e-003
1.34896288259164e+003	1.00008380717250e+001,-7.52533730423100e-003
1.38038426460287e+003	1.00008529110942e+001,-7.70059458095914e-003
1.41253754462274e+003	1.00008684498687e+001,-7.87993195278060e-003
1.44543977074591e+003	1.00008847210151e+001,-8.06344430301339e-003
1.47910838816819e+003	1.00009017590538e+001,-8.25122871269028e-003
1.51356124843619e+003	1.00009196001331e+001,-8.44338451292275e-003
1.54881661891247e+003	1.00009382821050e+001,-8.64001333438471e-003
1.58489319246110e+003	1.00009578446062e+001,-8.84121916347608e-003
1.62181009735891e+003	1.00009783291420e+001,-9.04710839268948e-003
1.65958690743754e+003	1.00009997791744e+001,-9.25778987776145e-003
1.69824365246173e+003	1.00010222402147e+001,-9.47337499203913e-003
1.73780082874936e+003	1.00010457599197e+001,-9.69397768541510e-003
1.77827941003891e+003	1.00010703881934e+001,-9.91971454553784e-003
1.81970085860997e+003	1.00010961772921e+001,-1.01507048497672e-002
1.86208713666285e+003	1.00011231819368e+001,-1.03870706365526e-002
1.90546071796323e+003	1.00011514594281e+001,-1.06289367603021e-002
1.94984459975803e+003	1.00011810697684e+001,-1.08764309581338e-002
1.99526231496886e+003	1.00012120757896e+001,-1.11296839179499e-002
2.04173794466951e+003	1.00012445432864e+001,-1.13888293384298e-002
2.08929613085402e+003	1.00012785411560e+001,-1.16540040062812e-002
2.13796208950221e+003	1.00013141415443e+001,-1.19253478560931e-002
2.18776162394953e+003	1.00013514199999e+001,-1.22030040483502e-002
2.23872113856832e+003	1.00013904556338e+001,-1.24871190381083e-002
2.29086765276775e+003	1.00014313312882e+001,-1.27778426546231e-002
2.34422881531990e+003	1.00014741337123e+001,-1.30753281660587e-002
2.39883291901947e+003	1.00015189537466e+001,-1.33797323690156e-002
2.45470891568501e+003	1.00015658865158e+001,-1.36912156582730e-002
2.51188643150955e+003	1.00016150316323e+001,-1.40099421130132e-002
2.57039578276884e+003	1.00016664934062e+001,-1.43360795724923e-002
2.63026799189535e+003	1.00017203810683e+001,-1.46697997245684e-002
2.69153480392689e+003	1.00017768090024e+001,-1.50112781910222e-002
2.75422870333814e+003	1.00018358969878e+001,-1.53606946094959e-002
2.81838293126442e+003	1.00018977704549e+001,-1.57182327241841e-002
2.88403150312658e+003	1.00019625607522e+001,-1.60840804825384e-002
2.95120922666635e+003	1.00020304054249e+001,-1.64584301155967e-002
3.01995172040198e+003	1.00021014485085e+001,-1.68414782378120e-002
3.09029543251356e+003	1.00021758408348e+001,-1.72334259452443e-002
3.16227766016835e+003	1.00022537403537e+001,-1.76344789072050e-002
3.23593656929625e+003	1.00023353124687e+001,-1.80448474640133e-002
3.31131121482588e+003	1.00024207303901e+001,-1.84647467378299e-002
3.38844156139199e+003	1.00025101755033e+001,-1.88943967209645e-002
3.46736850452528e+003	1.00026038377551e+001,-1.93340223878328e-002
3.54813389233572e+003	1.00027019160595e+001,-1.97838538008546e-002
3.63078054770097e+003	1.00028046187202e+001,-2.02441262147243e-002
3.71535229097168e+003	1.00029121638767e+001,-2.07150801896558e-002
3.80189396320557e+003	1.00030247799673e+001,-2.11969616981266e-002
3.89045144994276e+003	1.00031427062175e+001,-2.16900222362921e-002
3.98107170553493e+003	1.00032661931512e+001,-2.21945189460837e-002
4.07380277804108e+003	1.00033955031237e+001,-2.27107147231209e-002
4.16869383470331e+003	1.00035309108823e+001,-2.32388783337702e-002
4.26579518801588e+003	1.00036727041545e+001,-2.37792845424618e-002
4.36515832240161e+003	1.00038211842606e+001,-2.43322142216477e-002
4.46683592150958e+003	1.00039766667586e+001,-2.48979544843221e-002
4.57088189614870e+003	1.00041394821181e+001,-2.54767987919781e-002
4.67735141287193e+003	1.00043099764283e+001,-2.60690470951637e-002
4.78630092322633e+003	1.00044885121373e+001,-2.66750059477566e-002
4.89778819368441e+003	1.00046754688268e+001,-2.72949886443405e-002
5.01187233627267e+003	1.00048712440284e+001,-2.79293153382673e-002
5.12861383991359e+003	1.00050762540698e+001,-2.85783131637826e-002
5.24807460249767e+003	1.00052909349707e+001,-2.92423163871869e-002
5.37031796370247e+003	1.00055157433775e+001,-2.99216665194882e-002
5.49540873857618e+003	1.00057511575409e+001,-3.06167124536579e-002
5.62341325190343e+003	1.00059976783439e+001,-3.13278105876432e-002
5.75439937337150e+003	1.00062558303760e+001,-3.20553249594642e-002
5.88843655355582e+003	1.00065261630607e+001,-3.27996273857231e-002
6.02559586074351e+003	1.00068092518378e+001,-3.35610975742378e-002
6.16595001861475e+003	1.00071056993994e+001,-3.43401232692250e-002
6.30957344480186e+003	1.00074161369880e+001,-3.51371003657797e-002
6.45654229034648e+003	1.00077412257574e+001,-3.59524330522568e-002
6.60693448007588e+003	1.00080816581962e+001,-3.67865339214434e-002
6.76082975391974e+003	1.00084381596215e+001,-3.76398240992714e-002
6.91830970918928e+003	1.00088114897459e+001,-3.85127333720946e-002
7.07945784384129e+003	1.00092024443180e+001,-3.94057002874255e-002
7.24435960074981e+003	1.00096118568447e+001,-4.03191722923757e-002
7.41310241300908e+003	1.00100406003935e+001,-4.12536058185669e-002
7.58577575029174e+003	1.00104895894855e+001,-4.22094664130372e-002
7.76247116628682e+003	1.00109597820751e+001,-4.31872288213062e-002
7.94328234724272e+003	1.00114521816367e+001,-4.41873770892373e-002
8.12830516164089e+003	1.00119678393387e+001,-4.52104046595486e-002
8.31763771102661e+003	1.00125078563323e+001,-4.62568144352107e-002
8.51138038202366e+003	1.00130733861512e+001,-4.73271188710224e-002
8.70963589956070e+003	1.00136656372303e+001,-4.84218400333164e-002
8.91250938133734e+003	1.00142858755342e+001,-4.95415096375095e-002
9.12010839355898e+003	1.00149354273363e+001,-5.06866691212989e-002
9.33254300796979e+003	1.00156156821220e+001,-5.18578696577653e-002
9.54992586021424e+003	1.00163280956259e+001,-5.30556721606190e-002
9.77237220955798e+003	1.00170741930412e+001,-5.42806473140354e-002
9.99999999999987e+003	1.00178555723682e+001,-5.55333755314400e-002
1.02329299228074e+004	1.00186739079395e+001,-5.68144469444378e-002
1.04712854805089e+004	1.00195309541073e+001,-5.81244613264555e-002
1.07151930523759e+004	1.00204285491371e+001,-5.94640280251385e-002
1.09647819614317e+004	1.00213686192688e+001,-6.08337658854638e-002
1.12201845430195e+004	1.00223531830025e+001,-6.22343030917305e-002
1.14815362149687e+004	1.00233843555780e+001,-6.36662770100713e-002
1.17489755493951e+004	1.00244643537074e+001,-6.51303340414139e-002
1.20226443461740e+004	1.00255955005110e+001,-6.66271293492778e-002
1.23026877081237e+004	1.00267802307358e+001,-6.81573266456595e-002
1.25892541179415e+004	1.00280210962194e+001,-6.97215978466937e-002
1.28824955169312e+004	1.00293207716362e+001,-7.13206227720202e-002
1.31825673855639e+004	1.00306820605265e+001,-7.29550887036315e-002
1.34896288259164e+004	1.00321079016617e+001,-7.46256899820825e-002
1.38038426460287e+004	1.00336013757115e+001,-7.63331274710880e-002
1.41253754462274e+004	1.00351657122467e+001,-7.80781079903270e-002
1.44543977074591e+004	1.00368042971463e+001,-7.98613436869380e-002
1.47910838816819e+004	1.00385206803428e+001,-8.16835513397579e-002
1.51356124843619e+004	1.00403185839985e+001,-8.35454515143595e-002
1.54881661891246e+004	1.00422019110941e+001,-8.54477677276524e-002
1.58489319246109e+004	1.00441747544886e+001,-8.73912254473631e-002
1.62181009735891e+004	1.00462414064432e+001,-8.93765510148071e-002
1.65958690743754e+004	1.00484063686536e+001,-9.14044704323371e-002
1.69824365246172e+004	1.00506743627975e+001,-9.34757080583861e-002
1.73780082874935e+004	1.00530503417070e+001,-9.55909851458618e-002
1.77827941003890e+004	1.00555395010835e+001,-9.77510182399871e-002
1.81970085860996e+004	1.00581472918627e+001,-9.99565173920734e-002
1.86208713666284e+004	1.00608794332495e+001,-1.02208184235716e-001
1.90546071796322e+004	1.00637419265162e+001,-1.04506709877594e-001
1.94984459975802e+004	1.00667410694882e+001,-1.06852772547510e-001
1.99526231496885e+004	1.00698834718568e+001,-1.09247035020071e-001
2.04173794466950e+004	1.00731760713912e+001,-1.11690141833469e-001
2.08929613085401e+004	1.00766261509994e+001,-1.14182716216245e-001
2.13796208950220e+004	1.00802413568038e+001,-1.16725356759998e-001
2.18776162394952e+004	1.00840297171734e+001,-1.19318633638279e-001
2.23872113856831e+004	1.00879996629827e+001,-1.21963084726342e-001
2.29086765276774e+004	1.00921600488768e+001,-1.24659211094475e-001
2.34422881531989e+004	1.00965201758781e+001,-1.27407472213414e-001
2.39883291901946e+004	1.01010898152958e+001,-1.30208280734087e-001
2.45470891568500e+004	1.01058792340675e+001,-1.33061996694643e-001
2.51188643150954e+004	1.01108992215762e+001,-1.35968921258084e-001
2.57039578276883e+004	1.01161611180819e+001,-1.38929289825720e-001
2.63026799189534e+004	1.01216768448682e+001,-1.41943264453109e-001
2.69153480392688e+004	1.01274589363520e+001,-1.45010925733984e-001
2.75422870333813e+004	1.01335205739413e+001,-1.48132263732765e-001
2.81838293126441e+004	1.01398756222277e+001,-1.51307168119737e-001
2.88403150312656e+004	1.01465386673262e+001,-1.54535417407912e-001
2.95120922666634e+004	1.01535250576929e+001,-1.57816667243855e-001
3.01995172040197e+004	1.01608509474948e+001,-1.61150437268158e-001
3.09029543251354e+004	1.01685333429546e+001,-1.64536097217889e-001
3.16227766016833e+004	1.01765901514606e+001,-1.67972851233341e-001
3.23593656929623e+004	1.01850402341330e+001,-1.71459720843119e-001
3.31131121482586e+004	1.01939034618824e+001,-1.74995526427845e-001
3.38844156139197e+004	1.02032007750524e+001,-1.78578866615923e-001
3.46736850452526e+004	1.02129542473827e+001,-1.82208095778181e-001
3.54813389233570e+004	1.02231871541972e+001,-1.85881299353882e-001
3.63078054770096e+004	1.02339240454456e+001,-1.89596266616395e-001
3.71535229097167e+004	1.02451908238182e+001,-1.93350460767457e-001
3.80189396320555e+004	1.02570148284074e+001,-1.97140985931771e-001
3.89045144994275e+004	1.02694249245422e+001,-2.00964550904392e-001
3.98107170553491e+004	1.02824515999856e+001,-2.04817429051361e-001
4.07380277804107e+004	1.02961270683759e+001,-2.08695414101632e-001
4.16869383470329e+004	1.03104853802446e+001,-2.12593771279390e-001
4.26579518801586e+004	1.03255625424990e+001,-2.16507183344509e-001
4.36515832240159e+004	1.03413966471346e+001,-2.20429690759236e-001
4.46683592150956e+004	1.03580280096365e+001,-2.24354625407213e-001
4.57088189614868e+004	1.03754993183442e+001,-2.28274537208751e-001
4.67735141287191e+004	1.03938557959447e+001,-2.32181112556171e-001
4.78630092322631e+004	1.04131453732576e+001,-2.36065083587968e-001
4.89778819368439e+004	1.04334188776608e+001,-2.39916127301333e-001
5.01187233627264e+004	1.04547302370589e+001,-2.43722753393122e-001
5.12861383991357e+004	1.04771367001174e+001,-2.47472178584478e-001
5.24807460249764e+004	1.05006990760322e+001,-2.51150186973900e-001
5.37031796370244e+004	1.05254819937832e+001,-2.54740973208696e-001
5.49540873857616e+004	1.05515541842142e+001,-2.58226967298768e-001
5.62341325190340e+004	1.05789887869533e+001,-2.61588638167211e-001
5.75439937337148e+004	1.06078636837822e+001,-2.64804272645938e-001
5.88843655355580e+004	1.06382618622584e+001,-2.67849727422571e-001
6.02559586074348e+004	1.06702718122229e+001,-2.70698149313835e-001
6.16595001861472e+004	1.07039879580931e+001,-2.73319659790306e-001
6.30957344480183e+004	1.07395111314228e+001,-2.75680998449657e-001
6.45654229034645e+004	1.07769490878811e+001,-2.77745119635034e-001
6.60693448007586e+004	1.08164170718189e+001,-2.79470734559538e-001
6.76082975391971e+004	1.08580384360992e+001,-2.80811791858124e-001
6.91830970918925e+004	1.09019453204377e+001,-2.81716886069699e-001
7.07945784384127e+004	1.09482793959812e+001,-2.82128583103055e-001
7.24435960074979e+004	1.09971926820675e+001,-2.81982650039448e-001
7.41310241300906e+004	1.10488484442916e+001,-2.81207173000072e-001
7.58577575029172e+004	1.11034221804173e+001,-2.79721545928128e-001
7.76247116628679e+004	1.11611027047219e+001,-2.77435307497651e-001
7.94328234724269e+004	1.12220933401970e+001,-2.74246801816952e-001
8.12830516164086e+004	1.12866132301837e+001,-2.70041631592822e-001
8.31763771102658e+004	1.13548987790574e+001,-2.64690868414003e-001
8.51138038202363e+004	1.14272052377544e+001,-2.58048976467557e-001
8.70963589956067e+004	1.15038084429298e+001,-2.49951397876543e-001
8.91250938133731e+004	1.15850067259074e+001,-2.40211738786843e-001
9.12010839355895e+004	1.16711230035229e+001,-2.28618479205888e-001
9.33254300796976e+004	1.17625070581850e+001,-2.14931119620921e-001
9.54992586021420e+004	1.18595380255744e+001,-1.98875651884483e-001
9.77237220955795e+004	1.19626270850444e+001,-1.80139225223467e-001
9.99999999999984e+004	1.20722203624424e+001,-1.58363844931836e-001
1.02329299228074e+005	1.21888020212458e+001,-1.33138906803419e-001
1.04712854805088e+005	1.23128975367499e+001,-1.03992331849414e-001
1.07151930523759e+005	1.24450770857831e+001,-7.03800029719944e-002
1.09647819614317e+005	1.25859589894897e+001,-3.16731499918443e-002
1.12201845430195e+005	1.27362130785596e+001,1.28567613650227e-002
1.14815362149686e+005	1.28965637889716e+001,6.40561750613325e-002
1.17489755493951e+005	1.30677927147672e+001,1.22911289881534e-001
1.20226443461739e+005	1.32507401838375e+001,1.90574418434121e-001
1.23026877081236e+005	1.34463052575264e+001,2.68395856708330e-001
1.25892541179415e+005	1.36554432583620e+001,3.57962476051110e-001
1.28824955169311e+005	1.38791595506584e+001,4.61144506642199e-001
1.31825673855639e+005	1.41184977347029e+001,5.80152262927930e-001
1.34896288259163e+005	1.43745196240551e+001,7.17604871050510e-001
1.38038426460286e+005	1.46482732464687e+001,8.76613342561152e-001
1.41253754462273e+005	1.49407435263409e+001,1.06088054910686e+000
1.44543977074590e+005	1.52527780432146e+001,1.27482063885837e+000
1.47910838816818e+005	1.55849771629946e+001,1.52369996723430e+000
1.51356124843618e+005	1.59375335314300e+001,1.81380027237352e+000
1.54881661891246e+005	1.63100001027501e+001,2.15260186811186e+000
1.58489319246109e+005	1.67009584212086e+001,2.54897884702608e+000
1.62181009735890e+005	1.71075495962565e+001,3.01338771597870e+000
1.65958690743753e+005	1.75248205095880e+001,3.55801244541472e+000
1.69824365246172e+005	1.79448296363560e+001,4.19679821680750e+000
1.73780082874935e+005	1.83554572535191e+001,4.94525740628111e+000
1.77827941003889e+005	1.87388870237913e+001,5.81985908928030e+000
1.81970085860995e+005	1.90697948942589e+001,6.83671668781008e+000
1.86208713666284e+005	1.93134372189146e+001,8.00918326042582e+000
1.90546071796322e+005	1.94241242301323e+001,9.34390493675990e+000
1.94984459975801e+005	1.93450317319812e+001,1.08349985558082e+001
1.99526231496885e+005	1.90108762974158e+001,1.24565330659091e+001
2.04173794466949e+005	1.83553379527478e+001,1.41546620451940e+001
2.08929613085400e+005	1.73245495674133e+001,1.58425797355885e+001
2.13796208950220e+005	1.58955900068958e+001,1.74031521394234e+001
2.18776162394952e+005	1.40946514651219e+001,1.87036411012450e+001
2.23872113856830e+005	1.20056825742125e+001,1.96223309446695e+001
2.29086765276773e+005	9.76128301755494e+000,2.00789718427033e+001
2.34422881531988e+005	7.51579805962893e+000,2.00555307292288e+001
2.39883291901945e+005	5.41122764696148e+000,1.95971054960618e+001
2.45470891568499e+005	3.55067557515944e+000,1.87938455335430e+001
2.51188643150954e+005	1.98816073400002e+000,1.77543504467426e+001
2.57039578276882e+005	7.33694094722449e-001,1.65822832045756e+001
2.63026799189534e+005	-2.33518423061507e-001,1.53624222531645e+001
2.69153480392687e+005	-9.50918589075425e-001,1.41561441325957e+001
2.75422870333812e+005	-1.46153628622656e+000,1.30031253614973e+001
2.81838293126440e+005	-1.80703600018826e+000,1.19258184028866e+001
2.88403150312656e+005	-2.02420525919731e+000,1.09343684386920e+001
2.95120922666633e+005	-2.14374422665665e+000,1.00308334620498e+001
3.01995172040196e+005	-2.19035195963818e+000,9.21237006884060e+000
3.09029543251354e+005	-2.18341710194511e+000,8.47344736510933e+000
3.16227766016832e+005	-2.13790450498392e+000,7.80729254994344e+000
3.23593656929623e+005	-2.06522712385921e+000,7.20678399990945e+000
3.31131121482585e+005	-1.97401216034201e+000,6.66497062703153e+000
3.38844156139197e+005	-1.87073490524724e+000,6.17534969801010e+000
3.46736850452526e+005	-1.76022472564309e+000,5.73199456546651e+000
3.54813389233569e+005	-1.64606016914320e+000,5.32959278205282e+000
3.63078054770095e+005	-1.53087320181410e+000,4.96343338506454e+000
3.71535229097166e+005	-1.41658144969188e+000,4.62936745897604e+000
3.80189396320555e+005	-1.30456454416347e+000,4.32375659774115e+000
3.89045144994274e+005	-1.19579762329969e+000,4.04341782358281e+000
3.98107170553490e+005	-1.09095224976945e+000,3.78556973335117e+000
4.07380277804106e+005	-9.90472657837205e-001,3.54778235656177e+000
4.16869383470328e+005	-8.94633357571694e-001,3.32793181505407e+000
4.26579518801585e+005	-8.03582675006278e-001,3.12416008760430e+000
4.36515832240158e+005	-7.17375665575866e-001,2.93483973942643e+000
4.46683592150955e+005	-6.35998996502256e-001,2.75854325299756e+000
4.57088189614867e+005	-5.59389756218924e-001,2.59401649463261e+000
4.67735141287190e+005	-4.87449652956058e-001,2.44015583741559e+000
4.78630092322630e+005	-4.20055717270782e-001,2.29598846785042e+000
4.89778819368438e+005	-3.57068343627349e-001,2.16065544540976e+000
5.01187233627263e+005	-2.98337304775629e-001,2.03339712943639e+000
5.12861383991356e+005	-2.43706221339112e-001,1.91354063160679e+000
5.24807460249763e+005	-1.93015850697319e-001,1.80048899994067e+000
5.37031796370243e+005	-1.46106478017119e-001,1.69371187882977e+000
5.49540873857615e+005	-1.02819617904775e-001,1.59273742781335e+000
5.62341325190339e+005	-6.29991945781403e-002,1.49714531347174e+000
5.75439937337147e+005	-2.64923245050115e-002,1.40656061585124e+000
5.88843655355579e+005	6.85020189339119e-003,1.32064851519240e+000
6.02559586074347e+005	3.71736625977183e-002,1.23910964435409e+000
6.16595001861471e+005	6.46193141151201e-002,1.16167601079714e+000
6.30957344480182e+005	8.93244227303185e-002,1.08810740514470e+000
6.45654229034644e+005	1.11422382259268e-001,1.01818822733969e+000
6.60693448007584e+005	1.31042889562103e-001,9.51724670290956e-001
6.76082975391970e+005	1.48312156531588e-001,8.88542211746245e-001
6.91830970918924e+005	1.63353141155559e-001,8.28483371391641e-001
7.07945784384125e+005	1.76285783371957e-001,7.71405697765772e-001
7.24435960074977e+005	1.87227234559535e-001,7.17179954371890e-001
7.41310241300904e+005	1.96292072674359e-001,6.65688480184625e-001
7.58577575029170e+005	2.03592494679039e-001,6.16823703000526e-001
7.76247116628678e+005	2.09238482202514e-001,5.70486788611720e-001
7.94328234724267e+005	2.13337934701547e-001,5.26586411155302e-001
8.12830516164085e+005	2.15996767943067e-001,4.85037633250422e-001
8.31763771102656e+005	2.17318975623052e-001,4.45760886621537e-001
8.51138038202361e+005	2.17406652549044e-001,4.08681045837675e-001
8.70963589956065e+005	2.16359979471849e-001,3.73726589781943e-001
8.91250938133729e+005	2.14277170241065e-001,3.40828846328576e-001
9.12010839355893e+005	2.11254382723445e-001,3.09921317385233e-001
9.33254300796974e+005	2.07385596096294e-001,2.80939081702302e-001
9.54992586021419e+005	2.02762457325837e-001,2.53818274036292e-001
9.77237220955793e+005	1.97474101374776e-001,2.28495638937869e-001
9.99999999999982e+005	1.91606949263011e-001,2.04908158186056e-001
1.02329299228074e+006	1.85244489711597e-001,1.82992750283660e-001
1.04712854805088e+006	1.78467049912545e-001,1.62686040488483e-001
1.07151930523759e+006	1.71351561617121e-001,1.43924199271089e-001
1.09647819614316e+006	1.63971328998172e-001,1.26642846592944e-001
1.12201845430194e+006	1.56395804693927e-001,1.10777018659431e-001
1.14815362149686e+006	1.48690380243419e-001,9.62611933339188e-002
1.17489755493951e+006	1.40916197123568e-001,8.30293692432865e-002
1.20226443461739e+006	1.33129983736076e-001,7.10151934322334e-002
1.23026877081236e+006	1.25383923385112e-001,6.01521313553727e-002
1.25892541179414e+006	1.17725557354534e-001,5.03736726524473e-002
1.28824955169311e+006	1.10197726277691e-001,4.16135656892804e-002
1.31825673855638e+006	1.02838552087242e-001,3.38060735869853e-002
1.34896288259163e+006	9.56814617684612e-002,2.68862442631174e-002
1.38038426460286e+006	8.87552530077450e-002,2.07901872341035e-002
1.41253754462273e+006	8.20842008846902e-002,1.54553499739120e-002
1.44543977074590e+006	7.56882036853520e-002,1.08207872162342e-002
1.47910838816818e+006	6.95829650622196e-002,6.82741699020795e-003
1.51356124843618e+006	6.37802089445038e-002,3.41825801252561e-003
1.54881661891245e+006	5.82879229764038e-002,5.38643703150292e-004
1.58489319246108e+006	5.31106257416878e-002,-1.86359086515887e-003
1.62181009735890e+006	4.82496527088151e-002,-3.83795199535901e-003
1.65958690743753e+006	4.37034556568762e-002,-5.43116228318558e-003
1.69824365246171e+006	3.94679103190933e-002,-6.68706841630495e-003
1.73780082874934e+006	3.55366271203964e-002,-7.64658202960065e-003
1.77827941003889e+006	3.19012601487514e-002,-8.34765292760229e-003
1.81970085860995e+006	2.85518098671933e-002,-8.82527334010866e-003
1.86208713666283e+006	2.54769155526965e-002,-9.11151120947151e-003
1.90546071796321e+006	2.26641339624436e-002,-9.23557005901230e-003
1.94984459975801e+006	2.01002013163832e-002,-9.22387259117974e-003
1.99526231496884e+006	1.77712762729718e-002,-9.10016489952344e-003
2.04173794466949e+006	1.56631621713424e-002,-8.88563803021612e-003
2.08929613085400e+006	1.37615073915515e-002,-8.59906357346252e-003
2.13796208950219e+006	1.20519832246156e-002,-8.25694000868736e-003
2.18776162394951e+006	1.05204391412850e-002,-7.87364664768133e-003
2.23872113856830e+006	9.15303579636025e-003,-7.46160219202887e-003
2.29086765276773e+006	7.93635648078411e-003,-7.03142517578057e-003
2.34422881531988e+006	6.85749805123102e-003,-6.59209382691015e-003
2.39883291901944e+006	5.90414262950642e-003,-6.15110317870693e-003
2.45470891568498e+006	5.06461154507222e-003,-5.71461758150318e-003
2.51188643150953e+006	4.32790313041338e-003,-5.28761707361352e-003
2.57039578276881e+006	3.68371605836065e-003,-4.87403637976888e-003
2.63026799189533e+006	3.12245993764406e-003,-4.47689559608553e-003
2.69153480392686e+006	2.63525487115738e-003,-4.09842189710262e-003
2.75422870333811e+006	2.21392163192271e-003,-3.74016184833790e-003
2.81838293126440e+006	1.85096403840649e-003,-3.40308412738284e-003
2.88403150312655e+006	1.53954500704215e-003,-3.08767265433280e-003
2.95120922666633e+006	1.27345764907368e-003,-2.79401029247538e-003
3.01995172040196e+006	1.04709264937852e-003,-2.52185341908375e-003
3.09029543251353e+006	8.55403034502629e-004,-2.27069777301156e-003
3.16227766016832e+006	6.93867303510769e-004,-2.03983606925210e-003
3.23593656929622e+006	5.58451762622685e-004,-1.82840793039625e-003
3.31131121482585e+006	4.45572778770112e-004,-1.63544272330220e-003
3.38844156139196e+006	3.52059545714227e-004,-1.45989591048047e-003
3.46736850452525e+006	2.75117846094201e-004,-1.30067953013655e-003
3.54813389233568e+006	2.12295189996921e-004,-1.15668741123190e-003
3.63078054770094e+006	1.61447619569491e-004,-1.02681571141090e-003
3.71535229097165e+006	1.20708388227518e-004,-9.09979338821062e-004
3.80189396320554e+006	8.84586522279376e-005,-8.05124786370445e-004
3.89045144994273e+006	6.33002525794971e-005,-7.11239869712425e-004
3.98107170553489e+006	4.40306142577468e-005,-6.27360820699405e-004
4.07380277804105e+006	2.96197481287756e-005,-5.52577147115174e-004
4.16869383470327e+006	1.91893075751510e-005,-4.86034628398687e-004
4.26579518801584e+006	1.19936254359180e-005,-4.26936776856818e-004
4.36515832240157e+006	7.40263749174699e-006,-3.74545055106235e-004
4.46683592150954e+006	4.88658444839838e-006,-3.28178103788983e-004
4.57088189614866e+006	4.00237539154728e-006,-2.87210199401777e-004
4.67735141287189e+006	4.38149046945353e-006,-2.51069130492992e-004
4.78630092322629e+006	5.71929889023029e-006,-2.19233651760678e-004
4.89778819368436e+006	7.76566919581262e-006,-1.91230649709759e-004
5.01187233627262e+006	1.03167519314054e-005,-1.66632130430430e-004
5.12861383991355e+006	1.32078195876186e-005,-1.45052119734711e-004
5.24807460249762e+006	1.63070544711006e-005,-1.26143548078014e-004
5.37031796370242e+006	1.95101820669925e-005,-1.09595177333694e-004
5.49540873857613e+006	2.27358545345624e-005,-9.51286133035098e-005
5.62341325190338e+006	2.59216965584804e-005,-8.24954366899454e-005
5.75439937337145e+006	2.90209332270275e-005,-7.14744759040272e-005
5.88843655355577e+006	3.19995270362000e-005,-6.18692373281403e-005
6.02559586074345e+006	3.48337582579604e-005,-5.35055023240355e-005
6.16595001861470e+006	3.75081896863296e-005,-4.62290951588889e-005
6.30957344480180e+006	4.00139632129716e-005,-3.99038219914208e-005
6.45654229034642e+006	4.23473816126275e-005,-3.44095779148729e-005
6.60693448007582e+006	4.45087344216355e-005,-2.96406166852266e-005
6.76082975391968e+006	4.65013318186730e-005,-2.55039760340277e-005
6.91830970918922e+006	4.83307149685967e-005,-2.19180502685611e-005
7.07945784384123e+006	5.00040154020964e-005,-1.88113010908707e-005
7.24435960074975e+006	5.15294396809518e-005,-1.61210971569083e-005
7.41310241300902e+006	5.29158588738579e-005,-1.37926727546738e-005
7.58577575029168e+006	5.41724852679416e-005,-1.17781960541862e-005
7.76247116628676e+006	5.53086212921477e-005,-1.00359376248067e-005
7.94328234724265e+006	5.63334678683180e-005,-8.52953027242388e-006
8.12830516164082e+006	5.72559813564418e-005,-7.22731169569486e-006
8.31763771102654e+006	5.80847699537917e-005,-6.10174196022881e-006
8.51138038202359e+006	5.88280218727294e-005,-5.12888832459579e-006
8.70963589956062e+006	5.94934588820904e-005,-4.28797049770854e-006
8.91250938133727e+006	6.00883098762416e-005,-3.56095995949666e-006
9.12010839355890e+006	6.06193000572558e-005,-2.93222750956006e-006
9.33254300796971e+006	6.10926520987812e-005,-2.38823373310294e-006
9.54992586021416e+006	6.15140963222381e-005,-1.91725756170787e-006
9.77237220955790e+006	6.18888874736676e-005,-1.50915857389978e-006
9.99999999999979e+006	6.22218261578398e-005,-1.15516912591248e-006
1.02329299228073e+007	6.25172833764652e-005,-8.47712786370436e-007
1.04712854805088e+007	6.27792269422099e-005,-5.80245943822613e-007
1.07151930523758e+007	6.30112488081873e-005,-3.47119776725167e-007
1.09647819614316e+007	6.32165925732294e-005,-1.43460102061721e-007
1.12201845430194e+007	6.33981806034503e-005,3.49371153717993e-008
1.14815362149686e+007	6.35586403570954e-005,1.91696541811265e-007
1.17489755493950e+007	6.37003296173080e-005,3.29942275525440e-007
1.20226443461739e+007	6.38253604320762e-005,4.52366189557811e-007
1.23026877081236e+007	6.39356216352469e-005,5.61287157591959e-007
1.25892541179414e+007	6.40327998805968e-005,6.58702341995557e-007
1.28824955169311e+007	6.41183991668328e-005,7.46331572429762e-007
1.31825673855638e+007	6.41937588649288e-005,8.25655724342495e-007
1.34896288259162e+007	6.42600702852198e-005,8.97949884726912e-007
1.38038426460286e+007	6.43183918398213e-005,9.64311996273614e-007
1.41253754462272e+007	6.43696628686576e-005,1.02568758348512e-006
1.44543977074590e+007	6.44147162055439e-005,1.08289108447020e-006
1.47910838816818e+007	6.44542895655397e-005,1.13662424488858e-006
1.51356124843618e+007	6.44890358365548e-005,1.18749197211814e-006
1.54881661891245e+007	6.45195323581195e-005,1.23601599375916e-006
1.58489319246108e+007	6.45462892685357e-005,1.28264661984459e-006
1.62181009735889e+007	6.45697569987298e-005,1.32777286793248e-006
1.65958690743752e+007	6.45903329875666e-005,1.37173117660106e-006
1.69824365246171e+007	6.46083676892063e-005,1.41481290040791e-006
1.73780082874934e+007	6.46241699386348e-005,1.45727075690033e-006
1.77827941003888e+007	6.46380117369941e-005,1.49932436762999e-006
1.81970085860994e+007	6.46501325136046e-005,1.54116502267377e-006
1.86208713666283e+007	6.46607429171622e-005,1.58295977451975e-006
1.90546071796321e+007	6.46700281841849e-005,1.62485495496976e-006
1.94984459975800e+007	6.46781511285112e-005,1.66697919784168e-006
1.99526231496884e+007	6.46852547918635e-005,1.70944603402579e-006
2.04173794466948e+007	6.46914647915849e-005,1.75235612142987e-006
2.08929613085399e+007	6.46968913982922e-005,1.79579916006416e-006
2.13796208950219e+007	6.47016313730561e-005,1.83985553638799e-006
2.18776162394950e+007	6.47057695905339e-005,1.88459773612803e-006
2.23872113856829e+007	6.47093804720242e-005,1.93009155826670e-006
2.29086765276772e+007	6.47125292497953e-005,1.97639715715341e-006
2.34422881531987e+007	6.47152730818060e-005,2.02356993888018e-006
2.39883291901944e+007	6.47176620339178e-005,2.07166133169251e-006
2.45470891568498e+007	6.47197399448686e-005,2.12071944799089e-006
2.51188643150952e+007	6.47215451875343e-005,2.17078965468961e-006
2.57039578276881e+007	6.47231113385843e-005,2.22191506409379e-006
2.63026799189532e+007	6.47244677673031e-005,2.27413695607066e-006
2.69153480392686e+007	6.47256401529696e-005,2.32749514367781e-006
2.75422870333811e+007	6.47266509394105e-005,2.38202828748496e-006
2.81838293126439e+007	6.47275197340747e-005,2.43777416794095e-006
2.88403150312654e+007	6.47282636582736e-005,2.49476992120551e-006
2.95120922666632e+007	6.47288976544818e-005,2.55305224367794e-006
3.01995172040195e+007	6.47294347558207e-005,2.61265756978633e-006
3.09029543251352e+007	6.47298863222834e-005,2.67362222719855e-006
3.16227766016831e+007	6.47302622477814e-005,2.73598257205357e-006
3.23593656929621e+007	6.47305711414674e-005,2.79977510823834e-006
3.31131121482584e+007	6.47308204865651e-005,2.86503659174096e-006
3.38844156139195e+007	6.47310167793661e-005,2.93180412355309e-006
3.46736850452524e+007	6.47311656508872e-005,3.00011523174802e-006
3.54813389233568e+007	6.47312719732503e-005,3.07000794528906e-006
3.63078054770093e+007	6.47313399527264e-005,3.14152086000264e-006
3.71535229097164e+007	6.47313732110432e-005,3.21469319825598e-006
3.80189396320553e+007	6.47313748563926e-005,3.28956486408522e-006
3.89045144994272e+007	6.47313475454639e-005,3.36617649238291e-006
3.98107170553488e+007	6.47312935375647e-005,3.44456949596301e-006
4.07380277804104e+007	6.47312147417733e-005,3.52478610834630e-006
4.16869383470326e+007	6.47311127581353e-005,3.60686942425655e-006
4.26579518801583e+007	6.47309889134123e-005,3.69086343816205e-006
4.36515832240156e+007	6.47308442922745e-005,3.77681308079120e-006
4.46683592150953e+007	6.47306797643783e-005,3.86476425434570e-006
4.57088189614865e+007	6.47304960078035e-005,3.95476386670396e-006
4.67735141287188e+007	6.47302935294901e-005,4.04685986444330e-006
4.78630092322628e+007	6.47300726827929e-005,4.14110126544512e-006
4.89778819368435e+007	6.47298336826753e-005,4.23753819101063e-006
5.01187233627261e+007	6.47295766187831e-005,4.33622189763118e-006
5.12861383991353e+007	6.47293014666680e-005,4.43720480861743e-006
5.24807460249761e+007	6.47290080973439e-005,4.54054054563191e-006
5.37031796370241e+007	6.47286962853987e-005,4.64628396041644e-006
5.49540873857612e+007	6.47283657159056e-005,4.75449116664977e-006
5.62341325190336e+007	6.47280159901129e-005,4.86521957191828e-006
5.75439937337144e+007	6.47276466302363e-005,4.97852791022055e-006
5.88843655355576e+007	6.47272570832554e-005,5.09447627505195e-006
6.02559586074344e+007	6.47268467241143e-005,5.21312615221954e-006
6.16595001861468e+007	6.47264148580398e-005,5.33454045408061e-006
6.30957344480179e+007	6.47259607223062e-005,5.45878355375686e-006
6.45654229034641e+007	6.47254834875195e-005,5.58592132015889e-006
6.60693448007581e+007	6.47249822583034e-005,5.71602115359925e-006
6.76082975391967e+007	6.47244560735346e-005,5.84915202219474e-006
6.91830970918921e+007	6.47239039062134e-005,5.98538449897290e-006
7.07945784384122e+007	6.47233246629202e-005,6.12479079967598e-006
7.24435960074974e+007	6.47227171830024e-005,6.26744482133592e-006
7.41310241300901e+007	6.47220802372352e-005,6.41342218179169e-006
7.58577575029167e+007	6.47214125264036e-005,6.56280026014026e-006
7.76247116628674e+007	6.47207126794967e-005,6.71565823772368e-006
7.94328234724264e+007	6.47199792515760e-005,6.87207714038960e-006
8.12830516164081e+007	6.47192107215464e-005,7.03213988151705e-006
8.31763771102652e+007	6.47184054894171e-005,7.19593130609687e-006
8.51138038202357e+007	6.47175618735685e-005,7.36353823571360e-006
8.70963589956061e+007	6.47166781076551e-005,7.53504951468756e-006
8.91250938133725e+007	6.47157523372476e-005,7.71055605707029e-006
9.12010839355889e+007	6.47147826163076e-005,7.89015089497696e-006
9.33254300796970e+007	6.47137669033441e-005,8.07392922775572e-006
9.54992586021414e+007	6.47127030574081e-005,8.26198847254901e-006
9.77237220955788e+007	6.47115888336519e-005,8.45442831586846e-006
9.99999999999977e+007	6.47104218791187e-005,8.65135076627562e-006
1.02329299228073e+008	6.47091997275201e-005,8.85286020859624e-006
1.04712854805088e+008	6.47079197944675e-005,9.05906345901584e-006
1.07151930523758e+008	6.47065793719985e-005,9.27006982173881e-006
1.09647819614316e+008	6.47051756229876e-005,9.48599114673771e-006
1.12201845430194e+008	6.47037055752973e-005,9.70694188908860e-006
1.14815362149686e+008	6.47021661154288e-005,9.93303916945666e-006
1.17489755493950e+008	6.47005539821559e-005,1.01644028360704e-005
1.20226443461738e+008	6.46988657595690e-005,1.04011555281634e-005
1.23026877081235e+008	6.46970978700583e-005,1.06434227408485e-005
1.25892541179414e+008	6.46952465663834e-005,1.08913328915447e-005
1.28824955169310e+008	6.46933079243467e-005,1.11450173878799e-005
1.31825673855638e+008	6.46912778340531e-005,1.14046106971310e-005
1.34896288259162e+008	6.46891519914270e-005,1.16702504175032e-005
1.38038426460285e+008	6.46869258891138e-005,1.19420773507114e-005
1.41253754462272e+008	6.46845948069004e-005,1.22202355765914e-005
1.44543977074589e+008	6.46821538017512e-005,1.25048725291829e-005
1.47910838816817e+008	6.46795976973382e-005,1.27961390746968e-005
1.51356124843617e+008	6.46769210731032e-005,1.30941895912960e-005
1.54881661891244e+008	6.46741182527325e-005,1.33991820506100e-005
1.58489319246108e+008	6.46711832921637e-005,1.37112781013167e-005
1.62181009735889e+008	6.46681099671056e-005,1.40306431545139e-005
1.65958690743752e+008	6.46648917595745e-005,1.43574464710591e-005
1.69824365246170e+008	6.46615218443780e-005,1.46918612510833e-005
1.73780082874933e+008	6.46579930744067e-005,1.50340647253461e-005
1.77827941003888e+008	6.46542979658072e-005,1.53842382489317e-005
1.81970085860994e+008	6.46504286816396e-005,1.57425673969641e-005
1.86208713666282e+008	6.46463770156695e-005,1.61092420625141e-005
1.90546071796320e+008	6.46421343749825e-005,1.64844565569011e-005
1.94984459975800e+008	6.46376917613832e-005,1.68684097121481e-005
1.99526231496883e+008	6.46330397526631e-005,1.72613049859436e-005
2.04173794466948e+008	6.46281684826399e-005,1.76633505688786e-005
2.08929613085399e+008	6.46230676199622e-005,1.80747594942810e-005
2.13796208950218e+008	6.46177263463748e-005,1.84957497504917e-005
2.18776162394950e+008	6.46121333340781e-005,1.89265443957430e-005
2.23872113856829e+008	6.46062767209538e-005,1.93673716756827e-005
2.29086765276772e+008	6.46001440862789e-005,1.98184651436260e-005
2.34422881531987e+008	6.45937224238834e-005,2.02800637835024e-005
2.39883291901943e+008	6.45869981146437e-005,2.07524121356442e-005
2.45470891568497e+008	6.45799568976791e-005,2.12357604254884e-005
2.51188643150952e+008	6.45725838402058e-005,2.17303646952099e-005
2.57039578276880e+008	6.45648633057469e-005,2.22364869383256e-005
2.63026799189532e+008	6.45567789209166e-005,2.27543952374110e-005
2.69153480392685e+008	6.45483135410173e-005,2.32843639049696e-005
2.75422870333810e+008	6.45394492133875e-005,2.38266736274783e-005
2.81838293126439e+008	6.45301671398139e-005,2.43816116127449e-005
2.88403150312654e+008	6.45204476355742e-005,2.49494717405923e-005
2.95120922666631e+008	6.45102700893616e-005,2.55305547169800e-005
3.01995172040194e+008	6.44996129182985e-005,2.61251682316544e-005
3.09029543251351e+008	6.44884535228426e-005,2.67336271193007e-005
3.16227766016830e+008	6.44767682385681e-005,2.73562535244216e-005
3.23593656929620e+008	6.44645322862096e-005,2.79933770698635e-005
3.31131121482583e+008	6.44517197191392e-005,2.86453350292532e-005
3.38844156139194e+008	6.44383033684167e-005,2.93124725031960e-005
3.46736850452523e+008	6.44242547849674e-005,2.99951425995514e-005
3.54813389233567e+008	6.44095441797127e-005,3.06937066176856e-005
3.63078054770092e+008	6.43941403604625e-005,3.14085342368946e-005
3.71535229097163e+008	6.43780106650610e-005,3.21400037090079e-005
3.80189396320552e+008	6.43611208933307e-005,3.28885020553538e-005
3.89045144994271e+008	6.43434352344053e-005,3.36544252680813e-005
3.98107170553487e+008	6.43249161896920e-005,3.44381785159154e-005
4.07380277804103e+008	6.43055244949759e-005,3.52401763545744e-005
4.16869383470325e+008	6.42852190366623e-005,3.60608429417872e-005
4.26579518801582e+008	6.42639567645797e-005,3.69006122570752e-005
4.36515832240155e+008	6.42416926006571e-005,3.77599283263462e-005
4.46683592150952e+008	6.42183793447148e-005,3.86392454515077e-005
4.57088189614864e+008	6.41939675734277e-005,3.95390284450071e-005
4.67735141287186e+008	6.41684055354372e-005,4.04597528695393e-005
4.78630092322626e+008	6.41416390423173e-005,4.14019052830011e-005
4.89778819368434e+008	6.41136113550200e-005,4.23659834887273e-005
5.01187233627260e+008	6.40842630619208e-005,4.33524967911296e-005
5.12861383991352e+008	6.40535319541031e-005,4.43619662568658e-005
5.24807460249759e+008	6.40213528935021e-005,4.53949249815734e-005
5.37031796370239e+008	6.39876576752828e-005,4.64519183623600e-005
5.49540873857610e+008	6.39523748843842e-005,4.75335043760621e-005
5.62341325190335e+008	6.39154297425548e-005,4.86402538633262e-005
5.75439937337142e+008	6.38767439526251e-005,4.97727508188155e-005
5.88843655355574e+008	6.38362355302759e-005,5.09315926873280e-005
6.02559586074342e+008	6.37938186346596e-005,5.21173906662729e-005
6.16595001861466e+008	6.37494033813900e-005,5.33307700141691e-005
6.30957344480177e+008	6.37028956594679e-005,5.45723703658328e-005
6.45654229034639e+008	6.36541969265919e-005,5.58428460536203e-005
6.60693448007579e+008	6.36032040030681e-005,5.71428664354815e-005
6.76082975391964e+008	6.35498088566767e-005,5.84731162295957e-005
6.91830970918918e+008	6.34938983709153e-005,5.98342958555511e-005
7.07945784384120e+008	6.34353541061404e-005,6.12271217823620e-005
7.24435960074971e+008	6.33740520524627e-005,6.26523268834423e-005
7.41310241300898e+008	6.33098623676546e-005,6.41106607984162e-005
7.58577575029164e+008	6.32426491015942e-005,6.56028903018229e-005
7.76247116628671e+008	6.31722699096239e-005,6.71297996789179e-005
7.94328234724261e+008	6.30985757536723e-005,6.86921911086439e-005
8.12830516164078e+008	6.30214105897421e-005,7.02908850537299e-005
8.31763771102649e+008	6.29406110346976e-005,7.19267206577306e-005
8.51138038202354e+008	6.28560060271224e-005,7.36005561496824e-005
8.70963589956058e+008	6.27674164637779e-005,7.53132692555977e-005
8.91250938133722e+008	6.26746548240631e-005,7.70657576174485e-005
9.12010839355886e+008	6.25775247757949e-005,7.88589392193410e-005
9.33254300796966e+008	6.24758207610743e-005,8.06937528208322e-005
9.54992586021411e+008	6.23693275658865e-005,8.25711583976355e-005
9.77237220955785e+008	6.22578198665847e-005,8.44921375893263e-005
1.00000000000000e+009	6.21410617623216e-005,8.64576941545591e-005
