Freq.	V(vout)
1.00000000000000e+000	1.00005067689201e+001,-7.66932462219478e-006
1.02329299228075e+000	1.00005067689203e+001,-7.84796614111705e-006
1.04712854805090e+000	1.00005067689205e+001,-8.03076875610653e-006
1.07151930523761e+000	1.00005067689207e+001,-8.21782939033386e-006
1.09647819614318e+000	1.00005067689209e+001,-8.40924722671645e-006
1.12201845430196e+000	1.00005067689212e+001,-8.60512375721872e-006
1.14815362149688e+000	1.00005067689214e+001,-8.80556283884360e-006
1.17489755493953e+000	1.00005067689217e+001,-9.01067074574876e-006
1.20226443461741e+000	1.00005067689220e+001,-9.22055623052974e-006
1.23026877081238e+000	1.00005067689223e+001,-9.43533057559328e-006
1.25892541179417e+000	1.00005067689226e+001,-9.65510765809498e-006
1.28824955169313e+000	1.00005067689229e+001,-9.88000400538412e-006
1.31825673855641e+000	1.00005067689232e+001,-1.01101388630573e-005
1.34896288259165e+000	1.00005067689236e+001,-1.03456342488577e-005
1.38038426460288e+000	1.00005067689240e+001,-1.05866150278366e-005
1.41253754462275e+000	1.00005067689244e+001,-1.08332089703458e-005
1.44543977074593e+000	1.00005067689248e+001,-1.10855468241610e-005
1.47910838816821e+000	1.00005067689252e+001,-1.13437623801485e-005
1.51356124843621e+000	1.00005067689256e+001,-1.16079925505587e-005
1.54881661891248e+000	1.00005067689261e+001,-1.18783774313984e-005
1.58489319246111e+000	1.00005067689266e+001,-1.21550603845738e-005
1.62181009735893e+000	1.00005067689271e+001,-1.24381881119428e-005
1.65958690743756e+000	1.00005067689276e+001,-1.27279107313007e-005
1.69824365246174e+000	1.00005067689282e+001,-1.30243818580080e-005
1.73780082874937e+000	1.00005067689288e+001,-1.33277586845784e-005
1.77827941003892e+000	1.00005067689294e+001,-1.36382020638568e-005
1.81970085860998e+000	1.00005067689300e+001,-1.39558765999106e-005
1.86208713666287e+000	1.00005067689307e+001,-1.42809507260470e-005
1.90546071796325e+000	1.00005067689314e+001,-1.46135968018065e-005
1.94984459975804e+000	1.00005067689321e+001,-1.49539911980522e-005
1.99526231496888e+000	1.00005067689329e+001,-1.53023144006298e-005
2.04173794466953e+000	1.00005067689337e+001,-1.56587510914266e-005
2.08929613085404e+000	1.00005067689346e+001,-1.60234902596768e-005
2.13796208950223e+000	1.00005067689355e+001,-1.63967252934185e-005
2.18776162394955e+000	1.00005067689364e+001,-1.67786540903634e-005
2.23872113856834e+000	1.00005067689374e+001,-1.71694791507109e-005
2.29086765276777e+000	1.00005067689384e+001,-1.75694076947383e-005
2.34422881531992e+000	1.00005067689395e+001,-1.79786517722260e-005
2.39883291901949e+000	1.00005067689406e+001,-1.83974283688057e-005
2.45470891568503e+000	1.00005067689417e+001,-1.88259595268020e-005
2.51188643150958e+000	1.00005067689430e+001,-1.92644724575147e-005
2.57039578276886e+000	1.00005067689442e+001,-1.97131996655366e-005
2.63026799189538e+000	1.00005067689456e+001,-2.01723790730312e-005
2.69153480392691e+000	1.00005067689470e+001,-2.06422541420561e-005
2.75422870333816e+000	1.00005067689485e+001,-2.11230740089373e-005
2.81838293126445e+000	1.00005067689500e+001,-2.16150936090137e-005
2.88403150312660e+000	1.00005067689516e+001,-2.21185738189341e-005
2.95120922666638e+000	1.00005067689533e+001,-2.26337815868655e-005
3.01995172040201e+000	1.00005067689551e+001,-2.31609900871298e-005
3.09029543251359e+000	1.00005067689569e+001,-2.37004788501360e-005
3.16227766016837e+000	1.00005067689589e+001,-2.42525339197731e-005
3.23593656929628e+000	1.00005067689609e+001,-2.48174480061518e-005
3.31131121482591e+000	1.00005067689630e+001,-2.53955206304069e-005
3.38844156139202e+000	1.00005067689653e+001,-2.59870582989025e-005
3.46736850452531e+000	1.00005067689676e+001,-2.65923746456295e-005
3.54813389233575e+000	1.00005067689700e+001,-2.72117906240593e-005
3.63078054770101e+000	1.00005067689726e+001,-2.78456346529293e-005
3.71535229097172e+000	1.00005067689753e+001,-2.84942428068337e-005
3.80189396320560e+000	1.00005067689781e+001,-2.91579589835458e-005
3.89045144994280e+000	1.00005067689810e+001,-2.98371350991410e-005
3.98107170553496e+000	1.00005067689841e+001,-3.05321312549267e-005
4.07380277804112e+000	1.00005067689873e+001,-3.12433159516793e-005
4.16869383470335e+000	1.00005067689907e+001,-3.19710662671956e-005
4.26579518801592e+000	1.00005067689942e+001,-3.27157680690893e-005
4.36515832240165e+000	1.00005067689979e+001,-3.34778162029984e-005
4.46683592150962e+000	1.00005067690018e+001,-3.42576147163300e-005
4.57088189614874e+000	1.00005067690059e+001,-3.50555770730822e-005
4.67735141287197e+000	1.00005067690101e+001,-3.58721263572803e-005
4.78630092322637e+000	1.00005067690146e+001,-3.67076955215876e-005
4.89778819368445e+000	1.00005067690192e+001,-3.75627275905121e-005
5.01187233627271e+000	1.00005067690241e+001,-3.84376759110034e-005
5.12861383991364e+000	1.00005067690292e+001,-3.93330043999409e-005
5.24807460249771e+000	1.00005067690345e+001,-4.02491877684840e-005
5.37031796370252e+000	1.00005067690401e+001,-4.11867117883551e-005
5.49540873857623e+000	1.00005067690460e+001,-4.21460735495564e-005
5.62341325190348e+000	1.00005067690521e+001,-4.31277817166686e-005
5.75439937337156e+000	1.00005067690586e+001,-4.41323568032345e-005
5.88843655355588e+000	1.00005067690653e+001,-4.51603314461210e-005
6.02559586074356e+000	1.00005067690724e+001,-4.62122507004610e-005
6.16595001861481e+000	1.00005067690797e+001,-4.72886722956172e-005
6.30957344480192e+000	1.00005067690875e+001,-4.83901669801057e-005
6.45654229034654e+000	1.00005067690956e+001,-4.95173187627817e-005
6.60693448007594e+000	1.00005067691040e+001,-5.06707252852871e-005
6.76082975391980e+000	1.00005067691129e+001,-5.18509980979256e-005
6.91830970918935e+000	1.00005067691222e+001,-5.30587629995700e-005
7.07945784384136e+000	1.00005067691319e+001,-5.42946603573416e-005
7.24435960074988e+000	1.00005067691421e+001,-5.55593454642720e-005
7.41310241300916e+000	1.00005067691528e+001,-5.68534888644137e-005
7.58577575029182e+000	1.00005067691639e+001,-5.81777767456120e-005
7.76247116628690e+000	1.00005067691756e+001,-5.95329112489695e-005
7.94328234724279e+000	1.00005067691879e+001,-6.09196108904780e-005
8.12830516164097e+000	1.00005067692007e+001,-6.23386109185907e-005
8.31763771102669e+000	1.00005067692142e+001,-6.37906636999931e-005
8.51138038202374e+000	1.00005067692282e+001,-6.52765391396266e-005
8.70963589956078e+000	1.00005067692429e+001,-6.67970250592170e-005
8.91250938133743e+000	1.00005067692584e+001,-6.83529276507216e-005
9.12010839355907e+000	1.00005067692745e+001,-6.99450718603168e-005
9.33254300796988e+000	1.00005067692914e+001,-7.15743018822053e-005
9.54992586021433e+000	1.00005067693091e+001,-7.32414815470405e-005
9.77237220955808e+000	1.00005067693277e+001,-7.49474948067594e-005
9.99999999999997e+000	1.00005067693471e+001,-7.66932462266245e-005
1.02329299228075e+001	1.00005067693674e+001,-7.84796614230050e-005
1.04712854805090e+001	1.00005067693887e+001,-8.03076875740198e-005
1.07151930523760e+001	1.00005067694110e+001,-8.21782939176889e-005
1.09647819614318e+001	1.00005067694343e+001,-8.40924722826380e-005
1.12201845430196e+001	1.00005067694588e+001,-8.60512375865894e-005
1.14815362149688e+001	1.00005067694843e+001,-8.80556284143967e-005
1.17489755493953e+001	1.00005067695111e+001,-9.01067074815575e-005
1.20226443461741e+001	1.00005067695392e+001,-9.22055623274786e-005
1.23026877081238e+001	1.00005067695686e+001,-9.43533057773257e-005
1.25892541179416e+001	1.00005067695994e+001,-9.65510765955177e-005
1.28824955169313e+001	1.00005067696316e+001,-9.88000400819011e-005
1.31825673855640e+001	1.00005067696653e+001,-1.01101388652088e-004
1.34896288259165e+001	1.00005067697006e+001,-1.03456342518923e-004
1.38038426460288e+001	1.00005067697376e+001,-1.05866150302997e-004
1.41253754462275e+001	1.00005067697764e+001,-1.08332089727045e-004
1.44543977074592e+001	1.00005067698169e+001,-1.10855468265254e-004
1.47910838816820e+001	1.00005067698594e+001,-1.13437623829583e-004
1.51356124843620e+001	1.00005067699039e+001,-1.16079925523045e-004
1.54881661891248e+001	1.00005067699504e+001,-1.18783774337552e-004
1.58489319246111e+001	1.00005067699992e+001,-1.21550603877068e-004
1.62181009735892e+001	1.00005067700503e+001,-1.24381881157427e-004
1.65958690743755e+001	1.00005067701037e+001,-1.27279107360700e-004
1.69824365246174e+001	1.00005067701597e+001,-1.30243818618807e-004
1.73780082874937e+001	1.00005067702183e+001,-1.33277586886532e-004
1.77827941003892e+001	1.00005067702797e+001,-1.36382020686287e-004
1.81970085860998e+001	1.00005067703440e+001,-1.39558766043370e-004
1.86208713666286e+001	1.00005067704113e+001,-1.42809507311719e-004
1.90546071796324e+001	1.00005067704818e+001,-1.46135968069995e-004
1.94984459975804e+001	1.00005067705556e+001,-1.49539912049064e-004
1.99526231496887e+001	1.00005067706329e+001,-1.53023144058519e-004
2.04173794466952e+001	1.00005067707138e+001,-1.56587510973512e-004
2.08929613085403e+001	1.00005067707985e+001,-1.60234902668815e-004
2.13796208950222e+001	1.00005067708873e+001,-1.63967253022340e-004
2.18776162394954e+001	1.00005067709802e+001,-1.67786540996105e-004
2.23872113856833e+001	1.00005067710775e+001,-1.71694791592656e-004
2.29086765276776e+001	1.00005067711794e+001,-1.75694077045236e-004
2.34422881531991e+001	1.00005067712860e+001,-1.79786517843143e-004
2.39883291901948e+001	1.00005067713978e+001,-1.83974283808379e-004
2.45470891568502e+001	1.00005067715147e+001,-1.88259595386701e-004
2.51188643150957e+001	1.00005067716372e+001,-1.92644724700718e-004
2.57039578276885e+001	1.00005067717655e+001,-1.97131996785377e-004
2.63026799189537e+001	1.00005067718998e+001,-2.01723790878237e-004
2.69153480392690e+001	1.00005067720404e+001,-2.06422541588072e-004
2.75422870333815e+001	1.00005067721877e+001,-2.11230740250144e-004
2.81838293126444e+001	1.00005067723419e+001,-2.16150936267804e-004
2.88403150312659e+001	1.00005067725034e+001,-2.21185738365816e-004
2.95120922666637e+001	1.00005067726724e+001,-2.26337816078835e-004
3.01995172040200e+001	1.00005067728495e+001,-2.31609901108080e-004
3.09029543251358e+001	1.00005067730349e+001,-2.37004788741035e-004
3.16227766016837e+001	1.00005067732290e+001,-2.42525339466831e-004
3.23593656929627e+001	1.00005067734323e+001,-2.48174480330575e-004
3.31131121482590e+001	1.00005067736451e+001,-2.53955206589463e-004
3.38844156139201e+001	1.00005067738680e+001,-2.59870583296845e-004
3.46736850452530e+001	1.00005067741014e+001,-2.65923746794005e-004
3.54813389233574e+001	1.00005067743458e+001,-2.72117906590543e-004
3.63078054770100e+001	1.00005067746017e+001,-2.78456346914604e-004
3.71535229097171e+001	1.00005067748697e+001,-2.84942428452563e-004
3.80189396320559e+001	1.00005067751503e+001,-2.91579590269042e-004
3.89045144994279e+001	1.00005067754441e+001,-2.98371351425014e-004
3.98107170553495e+001	1.00005067757518e+001,-3.05321313033207e-004
4.07380277804111e+001	1.00005067760739e+001,-3.12433160045116e-004
4.16869383470333e+001	1.00005067764113e+001,-3.19710663256283e-004
4.26579518801591e+001	1.00005067767646e+001,-3.27157681295362e-004
4.36515832240164e+001	1.00005067771345e+001,-3.34778162693817e-004
4.46683592150961e+001	1.00005067775218e+001,-3.42576147884690e-004
4.57088189614873e+001	1.00005067779274e+001,-3.50555771462810e-004
4.67735141287196e+001	1.00005067783521e+001,-3.58721264365892e-004
4.78630092322636e+001	1.00005067787968e+001,-3.67076956059774e-004
4.89778819368444e+001	1.00005067792625e+001,-3.75627276818643e-004
5.01187233627270e+001	1.00005067797501e+001,-3.84376760123400e-004
5.12861383991362e+001	1.00005067802607e+001,-3.93330045064886e-004
5.24807460249770e+001	1.00005067807954e+001,-4.02491878833907e-004
5.37031796370250e+001	1.00005067813553e+001,-4.11867119130679e-004
5.49540873857622e+001	1.00005067819415e+001,-4.21460736787020e-004
5.62341325190346e+001	1.00005067825554e+001,-4.31277818538795e-004
5.75439937337154e+001	1.00005067831982e+001,-4.41323569536134e-004
5.88843655355586e+001	1.00005067838713e+001,-4.51603316092271e-004
6.02559586074355e+001	1.00005067845762e+001,-4.62122508710925e-004
6.16595001861479e+001	1.00005067853142e+001,-4.72886724838785e-004
6.30957344480190e+001	1.00005067860871e+001,-4.83901671743343e-004
6.45654229034652e+001	1.00005067868963e+001,-4.95173189727569e-004
6.60693448007593e+001	1.00005067877437e+001,-5.06707255152115e-004
6.76082975391978e+001	1.00005067886311e+001,-5.18509983426910e-004
6.91830970918933e+001	1.00005067895602e+001,-5.30587632606116e-004
7.07945784384134e+001	1.00005067905332e+001,-5.42946606325904e-004
7.24435960074986e+001	1.00005067915520e+001,-5.55593457591295e-004
7.41310241300914e+001	1.00005067926188e+001,-5.68534891856091e-004
7.58577575029180e+001	1.00005067937359e+001,-5.81777770880053e-004
7.76247116628688e+001	1.00005067949056e+001,-5.95329116153378e-004
7.94328234724277e+001	1.00005067961305e+001,-6.09196112861485e-004
8.12830516164095e+001	1.00005067974131e+001,-6.23386113386285e-004
8.31763771102667e+001	1.00005067987561e+001,-6.37906641541548e-004
8.51138038202372e+001	1.00005068001624e+001,-6.52765396240028e-004
8.70963589956076e+001	1.00005068016350e+001,-6.67970255835683e-004
8.91250938133741e+001	1.00005068031770e+001,-6.83529282054609e-004
9.12010839355905e+001	1.00005068047917e+001,-6.99450724617162e-004
9.33254300796986e+001	1.00005068064825e+001,-7.15743025262568e-004
9.54992586021431e+001	1.00005068082530e+001,-7.32414822336900e-004
9.77237220955805e+001	1.00005068101069e+001,-7.49474955500293e-004
9.99999999999995e+001	1.00005068120482e+001,-7.66932470158461e-004
1.02329299228075e+002	1.00005068140809e+001,-7.84796622676889e-004
1.04712854805089e+002	1.00005068162095e+001,-8.03076884734261e-004
1.07151930523760e+002	1.00005068184384e+001,-8.21782948880535e-004
1.09647819614318e+002	1.00005068207723e+001,-8.40924733237709e-004
1.12201845430196e+002	1.00005068232162e+001,-8.60512387093622e-004
1.14815362149688e+002	1.00005068257753e+001,-8.80556296025987e-004
1.17489755493952e+002	1.00005068284551e+001,-9.01067087581792e-004
1.20226443461741e+002	1.00005068312611e+001,-9.22055636887528e-004
1.23026877081237e+002	1.00005068341993e+001,-9.43533072420528e-004
1.25892541179416e+002	1.00005068372760e+001,-9.65510781639915e-004
1.28824955169313e+002	1.00005068404977e+001,-9.88000417658743e-004
1.31825673855640e+002	1.00005068438713e+001,-1.01101390451126e-003
1.34896288259165e+002	1.00005068474038e+001,-1.03456344453612e-003
1.38038426460288e+002	1.00005068511029e+001,-1.05866152384299e-003
1.41253754462275e+002	1.00005068549762e+001,-1.08332091951790e-003
1.44543977074592e+002	1.00005068590321e+001,-1.10855470641574e-003
1.47910838816820e+002	1.00005068632792e+001,-1.13437626379431e-003
1.51356124843620e+002	1.00005068677264e+001,-1.16079928255231e-003
1.54881661891247e+002	1.00005068723832e+001,-1.18783777252861e-003
1.58489319246110e+002	1.00005068772595e+001,-1.21550607010614e-003
1.62181009735892e+002	1.00005068823656e+001,-1.24381884514252e-003
1.65958690743755e+002	1.00005068877123e+001,-1.27279110958319e-003
1.69824365246173e+002	1.00005068933110e+001,-1.30243822482861e-003
1.73780082874936e+002	1.00005068991736e+001,-1.33277591013308e-003
1.77827941003891e+002	1.00005069053124e+001,-1.36382025118180e-003
1.81970085860997e+002	1.00005069117406e+001,-1.39558770797258e-003
1.86208713666286e+002	1.00005069184717e+001,-1.42809512394504e-003
1.90546071796323e+002	1.00005069255201e+001,-1.46135973517290e-003
1.94984459975803e+002	1.00005069329006e+001,-1.49539917885965e-003
1.99526231496887e+002	1.00005069406290e+001,-1.53023150318208e-003
2.04173794466952e+002	1.00005069487216e+001,-1.56587517682288e-003
2.08929613085403e+002	1.00005069571956e+001,-1.60234909855262e-003
2.13796208950222e+002	1.00005069660689e+001,-1.63967260723763e-003
2.18776162394954e+002	1.00005069753605e+001,-1.67786549243116e-003
2.23872113856832e+002	1.00005069850899e+001,-1.71694800423483e-003
2.29086765276776e+002	1.00005069952779e+001,-1.75694086533508e-003
2.34422881531991e+002	1.00005070059460e+001,-1.79786527990204e-003
2.39883291901947e+002	1.00005070171169e+001,-1.83974294687016e-003
2.45470891568501e+002	1.00005070288143e+001,-1.88259607042972e-003
2.51188643150956e+002	1.00005070410629e+001,-1.92644737184439e-003
2.57039578276885e+002	1.00005070538888e+001,-1.97132010162164e-003
2.63026799189536e+002	1.00005070673192e+001,-2.01723805219198e-003
2.69153480392690e+002	1.00005070813825e+001,-2.06422556948397e-003
2.75422870333815e+002	1.00005070961086e+001,-2.11230756722539e-003
2.81838293126443e+002	1.00005071115287e+001,-2.16150953925493e-003
2.88403150312659e+002	1.00005071276756e+001,-2.21185757270793e-003
2.95120922666637e+002	1.00005071445834e+001,-2.26337836320563e-003
3.01995172040200e+002	1.00005071622881e+001,-2.31609922789674e-003
3.09029543251357e+002	1.00005071808272e+001,-2.37004811998987e-003
3.16227766016836e+002	1.00005072002399e+001,-2.42525364379919e-003
3.23593656929626e+002	1.00005072205676e+001,-2.48174507025675e-003
3.31131121482589e+002	1.00005072418533e+001,-2.53955235220641e-003
3.38844156139200e+002	1.00005072641422e+001,-2.59870613957230e-003
3.46736850452529e+002	1.00005072874815e+001,-2.65923779646423e-003
3.54813389233573e+002	1.00005073119207e+001,-2.72117941793382e-003
3.63078054770099e+002	1.00005073375118e+001,-2.78456384616175e-003
3.71535229097170e+002	1.00005073643089e+001,-2.84942468880988e-003
3.80189396320558e+002	1.00005073923689e+001,-2.91579633567828e-003
3.89045144994278e+002	1.00005074217513e+001,-2.98371397841868e-003
3.98107170553494e+002	1.00005074525185e+001,-3.05321362769203e-003
4.07380277804110e+002	1.00005074847357e+001,-3.12433213326728e-003
4.16869383470332e+002	1.00005075184713e+001,-3.19710720348520e-003
4.26579518801589e+002	1.00005075537968e+001,-3.27157742482226e-003
4.36515832240163e+002	1.00005075907871e+001,-3.34778228220845e-003
4.46683592150960e+002	1.00005076295207e+001,-3.42576218099746e-003
4.57088189614872e+002	1.00005076700797e+001,-3.50555846737293e-003
4.67735141287195e+002	1.00005077125503e+001,-3.58721345035593e-003
4.78630092322635e+002	1.00005077570224e+001,-3.67077042484929e-003
4.89778819368443e+002	1.00005078035904e+001,-3.75627369424507e-003
5.01187233627268e+002	1.00005078523531e+001,-3.84376859338051e-003
5.12861383991361e+002	1.00005079034140e+001,-3.93330151374897e-003
5.24807460249769e+002	1.00005079568812e+001,-4.02491992747428e-003
5.37031796370249e+002	1.00005080128683e+001,-4.11867241176689e-003
5.49540873857620e+002	1.00005080714940e+001,-4.21460867606804e-003
5.62341325190345e+002	1.00005081328826e+001,-4.31277958683795e-003
5.75439937337152e+002	1.00005081971644e+001,-4.41323719688578e-003
5.88843655355584e+002	1.00005082644757e+001,-4.51603476984033e-003
6.02559586074353e+002	1.00005083349593e+001,-4.62122681141845e-003
6.16595001861477e+002	1.00005084087646e+001,-4.72886909585389e-003
6.30957344480188e+002	1.00005084860483e+001,-4.83901869753389e-003
6.45654229034650e+002	1.00005085669743e+001,-4.95173401878961e-003
6.60693448007591e+002	1.00005086517142e+001,-5.06707482457187e-003
6.76082975391976e+002	1.00005087404478e+001,-5.18510227006629e-003
6.91830970918931e+002	1.00005088333632e+001,-5.30587893548634e-003
7.07945784384132e+002	1.00005089306576e+001,-5.42946885969643e-003
7.24435960074984e+002	1.00005090325374e+001,-5.55593757234257e-003
7.41310241300911e+002	1.00005091392186e+001,-5.68535212908635e-003
7.58577575029177e+002	1.00005092509276e+001,-5.81778114914376e-003
7.76247116628685e+002	1.00005093679012e+001,-5.95329484770801e-003
7.94328234724275e+002	1.00005094903876e+001,-6.09196507820705e-003
8.12830516164092e+002	1.00005096186466e+001,-6.23386536615718e-003
8.31763771102664e+002	1.00005097529503e+001,-6.37907095040243e-003
8.51138038202369e+002	1.00005098935836e+001,-6.52765882149601e-003
8.70963589956073e+002	1.00005100408446e+001,-6.67970776475107e-003
8.91250938133738e+002	1.00005101950459e+001,-6.83529840003567e-003
9.12010839355902e+002	1.00005103565145e+001,-6.99451322493285e-003
9.33254300796983e+002	1.00005105255928e+001,-7.15743665821262e-003
9.54992586021428e+002	1.00005107026396e+001,-7.32415508709308e-003
9.77237220955802e+002	1.00005108880303e+001,-7.49475690910698e-003
9.99999999999991e+002	1.00005110821582e+001,-7.66933258275371e-003
1.02329299228075e+003	1.00005112854351e+001,-7.84797467130868e-003
1.04712854805089e+003	1.00005114982921e+001,-8.03077789611015e-003
1.07151930523760e+003	1.00005117211808e+001,-8.21783918386340e-003
1.09647819614318e+003	1.00005119545739e+001,-8.40925772113881e-003
1.12201845430195e+003	1.00005121989665e+001,-8.60513500241147e-003
1.14815362149687e+003	1.00005124548770e+001,-8.80557488849367e-003
1.17489755493952e+003	1.00005127228481e+001,-9.01068365715103e-003
1.20226443461740e+003	1.00005130034484e+001,-9.22057006432368e-003
1.23026877081237e+003	1.00005132972729e+001,-9.43534539913822e-003
1.25892541179416e+003	1.00005136049450e+001,-9.65512354189083e-003
1.28824955169312e+003	1.00005139271172e+001,-9.88002102601647e-003
1.31825673855640e+003	1.00005142644729e+001,-1.01101570995828e-002
1.34896288259164e+003	1.00005146177277e+001,-1.03456537903404e-002
1.38038426460287e+003	1.00005149876310e+001,-1.05866359669668e-002
1.41253754462274e+003	1.00005153749672e+001,-1.08332314066028e-002
1.44543977074591e+003	1.00005157805580e+001,-1.10855708645158e-002
1.47910838816819e+003	1.00005162052638e+001,-1.13437881400764e-002
1.51356124843619e+003	1.00005166499853e+001,-1.16080201519570e-002
1.54881661891247e+003	1.00005171156660e+001,-1.18784070064854e-002
1.58489319246110e+003	1.00005176032935e+001,-1.21550920759697e-002
1.62181009735891e+003	1.00005181139022e+001,-1.24382220702302e-002
1.65958690743754e+003	1.00005186485751e+001,-1.27279471185691e-002
1.69824365246173e+003	1.00005192084465e+001,-1.30244208473481e-002
1.73780082874936e+003	1.00005197947038e+001,-1.33278004619052e-002
1.77827941003891e+003	1.00005204085905e+001,-1.36382468304358e-002
1.81970085860997e+003	1.00005210514089e+001,-1.39559245669665e-002
1.86208713666285e+003	1.00005217245225e+001,-1.42810021229524e-002
1.90546071796323e+003	1.00005224293589e+001,-1.46136518738827e-002
1.94984459975803e+003	1.00005231674133e+001,-1.49540502106918e-002
1.99526231496886e+003	1.00005239402511e+001,-1.53023776327673e-002
2.04173794466951e+003	1.00005247495117e+001,-1.56588188452465e-002
2.08929613085402e+003	1.00005255969117e+001,-1.60235628604436e-002
2.13796208950221e+003	1.00005264842484e+001,-1.63968030871801e-002
2.18776162394953e+003	1.00005274134041e+001,-1.67787374472041e-002
2.23872113856832e+003	1.00005283863496e+001,-1.71695684684655e-002
2.29086765276775e+003	1.00005294051487e+001,-1.75695034024098e-002
2.34422881531990e+003	1.00005304719624e+001,-1.79787543251448e-002
2.39883291901947e+003	1.00005315890535e+001,-1.83975382565711e-002
2.45470891568501e+003	1.00005327587917e+001,-1.88260772719398e-002
2.51188643150955e+003	1.00005339836580e+001,-1.92645986236274e-002
2.57039578276884e+003	1.00005352662506e+001,-1.97133348545379e-002
2.63026799189535e+003	1.00005366092900e+001,-2.01725239315687e-002
2.69153480392689e+003	1.00005380156251e+001,-2.06424093618140e-002
2.75422870333814e+003	1.00005394882389e+001,-2.11232403286628e-002
2.81838293126442e+003	1.00005410302549e+001,-2.16152718243748e-002
2.88403150312658e+003	1.00005426449441e+001,-2.21187647780589e-002
2.95120922666635e+003	1.00005443357315e+001,-2.26339862054800e-002
3.01995172040198e+003	1.00005461062035e+001,-2.31612093386937e-002
3.09029543251356e+003	1.00005479601155e+001,-2.37007137845033e-002
3.16227766016835e+003	1.00005499013999e+001,-2.42527856569484e-002
3.23593656929625e+003	1.00005519341745e+001,-2.48177177455653e-002
3.31131121482588e+003	1.00005540627511e+001,-2.53958096638801e-002
3.38844156139199e+003	1.00005562916449e+001,-2.59873679986826e-002
3.46736850452528e+003	1.00005586255835e+001,-2.65927064977809e-002
3.54813389233572e+003	1.00005610695177e+001,-2.72121462101145e-002
3.63078054770097e+003	1.00005636286314e+001,-2.78460156705657e-002
3.71535229097168e+003	1.00005663083529e+001,-2.84946510749521e-002
3.80189396320557e+003	1.00005691143663e+001,-2.91583964510103e-002
3.89045144994276e+003	1.00005720526237e+001,-2.98376038522136e-002
3.98107170553493e+003	1.00005751293576e+001,-3.05326335350952e-002
4.07380277804108e+003	1.00005783510942e+001,-3.12438541558610e-002
4.16869383470331e+003	1.00005817246673e+001,-3.19716429655417e-002
4.26579518801588e+003	1.00005852572329e+001,-3.27163860118845e-002
4.36515832240161e+003	1.00005889562842e+001,-3.34784783379524e-002
4.46683592150958e+003	1.00005928296674e+001,-3.42583242096548e-002
4.57088189614870e+003	1.00005968855986e+001,-3.50563373079168e-002
4.67735141287193e+003	1.00006011326813e+001,-3.58729409663493e-002
4.78630092322633e+003	1.00006055799243e+001,-3.67085683884797e-002
4.89778819368441e+003	1.00006102367607e+001,-3.75636628874171e-002
5.01187233627267e+003	1.00006151130688e+001,-3.84386781014023e-002
5.12861383991359e+003	1.00006202191921e+001,-3.93340782668139e-002
5.24807460249767e+003	1.00006255659615e+001,-4.02503384396340e-002
5.37031796370247e+003	1.00006311647185e+001,-4.11879447534243e-002
5.49540873857618e+003	1.00006370273392e+001,-4.21473946986952e-002
5.62341325190343e+003	1.00006431662594e+001,-4.31291973556231e-002
5.75439937337150e+003	1.00006495945009e+001,-4.41338736852514e-002
5.88843655355582e+003	1.00006563256991e+001,-4.51619568205365e-002
6.02559586074351e+003	1.00006633741324e+001,-4.62139923238863e-002
6.16595001861475e+003	1.00006707547519e+001,-4.72905384870696e-002
6.30957344480186e+003	1.00006784832136e+001,-4.83921666359430e-002
6.45654229034648e+003	1.00006865759108e+001,-4.95194614397172e-002
6.60693448007588e+003	1.00006950500102e+001,-5.06730212085616e-002
6.76082975391974e+003	1.00007039234870e+001,-5.18534582308042e-002
6.91830970918928e+003	1.00007132151639e+001,-5.30613990813721e-002
7.07945784384129e+003	1.00007229447508e+001,-5.42974849749991e-002
7.24435960074981e+003	1.00007331328860e+001,-5.55623721009412e-002
7.41310241300908e+003	1.00007438011812e+001,-5.68567319745034e-002
7.58577575029174e+003	1.00007549722663e+001,-5.81812518030340e-002
7.76247116628682e+003	1.00007666698380e+001,-5.95366348551379e-002
7.94328234724272e+003	1.00007789187098e+001,-6.09236008153958e-002
8.12830516164089e+003	1.00007917448644e+001,-6.23428862122575e-002
8.31763771102661e+003	1.00008051755097e+001,-6.37952447722015e-002
8.51138038202366e+003	1.00008192391354e+001,-6.52814478592868e-002
8.70963589956070e+003	1.00008339655745e+001,-6.68022848711940e-002
8.91250938133734e+003	1.00008493860661e+001,-6.83585636496097e-002
9.12010839355898e+003	1.00008655333209e+001,-6.99511109719874e-002
9.33254300796979e+003	1.00008824415923e+001,-7.15807729296381e-002
9.54992586021424e+003	1.00009001467478e+001,-7.32484154165952e-002
9.77237220955798e+003	1.00009186863453e+001,-7.49549246212410e-002
9.99999999999987e+003	1.00009380997135e+001,-7.67012074443956e-002
1.02329299228074e+004	1.00009584280341e+001,-7.84881920570938e-002
1.04712854805089e+004	1.00009797144307e+001,-8.03168283512238e-002
1.07151930523759e+004	1.00010020040586e+001,-8.21880884865588e-002
1.09647819614317e+004	1.00010253442020e+001,-8.41029674052186e-002
1.12201845430195e+004	1.00010497843746e+001,-8.60624833721360e-002
1.14815362149687e+004	1.00010753764217e+001,-8.80676785410837e-002
1.17489755493951e+004	1.00011021746351e+001,-9.01196195046888e-002
1.20226443461740e+004	1.00011302358640e+001,-9.22193978944764e-002
1.23026877081237e+004	1.00011596196383e+001,-9.43681309486642e-002
1.25892541179415e+004	1.00011903882926e+001,-9.65669621546651e-002
1.28824955169312e+004	1.00012226071010e+001,-9.88170618804107e-002
1.31825673855639e+004	1.00012563444138e+001,-1.01119627969056e-001
1.34896288259164e+004	1.00012916718043e+001,-1.03475886440451e-001
1.38038426460287e+004	1.00013286642186e+001,-1.05887092160115e-001
1.41253754462274e+004	1.00013674001353e+001,-1.08354529516813e-001
1.44543977074591e+004	1.00014079617338e+001,-1.10879513127232e-001
1.47910838816819e+004	1.00014504350669e+001,-1.13463388597662e-001
1.51356124843619e+004	1.00014949102440e+001,-1.16107533236314e-001
1.54881661891246e+004	1.00015414816220e+001,-1.18813356817153e-001
1.58489319246109e+004	1.00015902480059e+001,-1.21582302409989e-001
1.62181009735891e+004	1.00016413128602e+001,-1.24415847102849e-001
1.65958690743754e+004	1.00016947845246e+001,-1.27315502942017e-001
1.69824365246172e+004	1.00017507764490e+001,-1.30282817651143e-001
1.73780082874935e+004	1.00018094074297e+001,-1.33319375609669e-001
1.77827941003890e+004	1.00018708018649e+001,-1.36426798693971e-001
1.81970085860996e+004	1.00019350900167e+001,-1.39606747197815e-001
1.86208713666284e+004	1.00020024082904e+001,-1.42860920767915e-001
1.90546071796322e+004	1.00020728995205e+001,-1.46191059394540e-001
1.94984459975802e+004	1.00021467132779e+001,-1.49598944379530e-001
1.99526231496885e+004	1.00022240061836e+001,-1.53086399391719e-001
2.04173794466950e+004	1.00023049422471e+001,-1.56655291429743e-001
2.08929613085401e+004	1.00023896932041e+001,-1.60307532030660e-001
2.13796208950220e+004	1.00024784388994e+001,-1.64045078247277e-001
2.18776162394952e+004	1.00025713676458e+001,-1.67869933842302e-001
2.23872113856831e+004	1.00026686766443e+001,-1.71784150481200e-001
2.29086765276774e+004	1.00027705723939e+001,-1.75789828881587e-001
2.34422881531989e+004	1.00028772711295e+001,-1.79889120070897e-001
2.39883291901946e+004	1.00029889992835e+001,-1.84084226676352e-001
2.45470891568500e+004	1.00031059939700e+001,-1.88377404188669e-001
2.51188643150954e+004	1.00032285034829e+001,-1.92770962365044e-001
2.57039578276883e+004	1.00033567878280e+001,-1.97267266542402e-001
2.63026799189534e+004	1.00034911192736e+001,-2.01868739129121e-001
2.69153480392688e+004	1.00036317829307e+001,-2.06577861040859e-001
2.75422870333813e+004	1.00037790773597e+001,-2.11397173220070e-001
2.81838293126441e+004	1.00039333151987e+001,-2.16329278202488e-001
2.88403150312656e+004	1.00040948238471e+001,-2.21376841686402e-001
2.95120922666634e+004	1.00042639461311e+001,-2.26542594264611e-001
3.01995172040197e+004	1.00044410410642e+001,-2.31829333057820e-001
3.09029543251354e+004	1.00046264845898e+001,-2.37239923523197e-001
3.16227766016833e+004	1.00048206703962e+001,-2.42777301224640e-001
3.23593656929623e+004	1.00050240107413e+001,-2.48444473801980e-001
3.31131121482586e+004	1.00052369373345e+001,-2.54244522801909e-001
3.38844156139197e+004	1.00054599022686e+001,-2.60180605729816e-001
3.46736850452526e+004	1.00056933789566e+001,-2.66255958175476e-001
3.54813389233570e+004	1.00059378631645e+001,-2.72473895826789e-001
3.63078054770096e+004	1.00061938740513e+001,-2.78837816820295e-001
3.71535229097167e+004	1.00064619552812e+001,-2.85351203939406e-001
3.80189396320555e+004	1.00067426761894e+001,-2.92017626981326e-001
3.89045144994275e+004	1.00070366329788e+001,-2.98840745280535e-001
3.98107170553491e+004	1.00073444499982e+001,-3.05824310266549e-001
4.07380277804107e+004	1.00076667810846e+001,-3.12972167886556e-001
4.16869383470329e+004	1.00080043109422e+001,-3.20288261642327e-001
4.26579518801586e+004	1.00083577566114e+001,-3.27776635189911e-001
4.36515832240159e+004	1.00087278689911e+001,-3.35441435468776e-001
4.46683592150956e+004	1.00091154344502e+001,-3.43286915515469e-001
4.57088189614868e+004	1.00095212765039e+001,-3.51317437876198e-001
4.67735141287191e+004	1.00099462575657e+001,-3.59537477714571e-001
4.78630092322631e+004	1.00103912807957e+001,-3.67951626460231e-001
4.89778819368439e+004	1.00108572920369e+001,-3.76564595075378e-001
5.01187233627264e+004	1.00113452818283e+001,-3.85381218002501e-001
5.12861383991357e+004	1.00118562875016e+001,-3.94406456997477e-001
5.24807460249764e+004	1.00123913954464e+001,-4.03645405092642e-001
5.37031796370244e+004	1.00129517434045e+001,-4.13103290778829e-001
5.49540873857616e+004	1.00135385229028e+001,-4.22785482426052e-001
5.62341325190340e+004	1.00141529818163e+001,-4.32697492932521e-001
5.75439937337148e+004	1.00147964270413e+001,-4.42844984386157e-001
5.88843655355580e+004	1.00154702272824e+001,-4.53233773066762e-001
6.02559586074348e+004	1.00161758159987e+001,-4.63869834743199e-001
6.16595001861472e+004	1.00169146944770e+001,-4.74759310057248e-001
6.30957344480183e+004	1.00176884350365e+001,-4.85908510322126e-001
6.45654229034645e+004	1.00184986844259e+001,-4.97323923448778e-001
6.60693448007586e+004	1.00193471673636e+001,-5.09012220133526e-001
6.76082975391971e+004	1.00202356902186e+001,-5.20980260704016e-001
6.91830970918925e+004	1.00211661449104e+001,-5.33235101770139e-001
7.07945784384127e+004	1.00221405129519e+001,-5.45784003660529e-001
7.24435960074979e+004	1.00231608697667e+001,-5.58634437923462e-001
7.41310241300906e+004	1.00242293890936e+001,-5.71794095440598e-001
7.58577575029172e+004	1.00253483477326e+001,-5.85270894791159e-001
7.76247116628679e+004	1.00265201304023e+001,-5.99072991133521e-001
7.94328234724269e+004	1.00277472348903e+001,-6.13208785800319e-001
8.12830516164086e+004	1.00290322774745e+001,-6.27686935753861e-001
8.31763771102658e+004	1.00303779985184e+001,-6.42516364445326e-001
8.51138038202363e+004	1.00317872684667e+001,-6.57706272376455e-001
8.70963589956067e+004	1.00332630939855e+001,-6.73266149064787e-001
8.91250938133731e+004	1.00348086244423e+001,-6.89205785193030e-001
9.12010839355895e+004	1.00364271588224e+001,-7.05535285599750e-001
9.33254300796976e+004	1.00381221527662e+001,-7.22265083000422e-001
9.54992586021420e+004	1.00398972261606e+001,-7.39405952523443e-001
9.77237220955795e+004	1.00417561708356e+001,-7.56969027295557e-001
9.99999999999984e+004	1.00437029589851e+001,-7.74965814585011e-001
1.02329299228074e+005	1.00457417515942e+001,-7.93408213463930e-001
1.04712854805088e+005	1.00478769075934e+001,-8.12308533028079e-001
1.07151930523759e+005	1.00501129932682e+001,-8.31679511969558e-001
1.09647819614317e+005	1.00524547922068e+001,-8.51534339872068e-001
1.12201845430195e+005	1.00549073157268e+001,-8.71886678651042e-001
1.14815362149686e+005	1.00574758136487e+001,-8.92750687080726e-001
1.17489755493951e+005	1.00601657858436e+001,-9.14141045209112e-001
1.20226443461739e+005	1.00629829941420e+001,-9.36072981743531e-001
1.23026877081236e+005	1.00659334748968e+001,-9.58562302374328e-001
1.25892541179415e+005	1.00690235519343e+001,-9.81625420714572e-001
1.28824955169311e+005	1.00722598506303e+001,-1.00527939083753e+000
1.31825673855639e+005	1.00756493118593e+001,-1.02954194224975e+000
1.34896288259163e+005	1.00791992075784e+001,-1.05443151731079e+000
1.38038426460286e+005	1.00829171561736e+001,-1.07996731146404e+000
1.41253754462273e+005	1.00868111391204e+001,-1.10616931630405e+000
1.44543977074590e+005	1.00908895183528e+001,-1.13305836512516e+000
1.47910838816818e+005	1.00951610541825e+001,-1.16065618315649e+000
1.51356124843618e+005	1.00996349242167e+001,-1.18898544006306e+000
1.54881661891246e+005	1.01043207431716e+001,-1.21806980754060e+000
1.58489319246109e+005	1.01092285833111e+001,-1.24793402005164e+000
1.62181009735890e+005	1.01143689962207e+001,-1.27860394181157e+000
1.65958690743753e+005	1.01197530349139e+001,-1.31010663731373e+000
1.69824365246172e+005	1.01253922775509e+001,-1.34247044858553e+000
1.73780082874935e+005	1.01312988515450e+001,-1.37572507777279e+000
1.77827941003889e+005	1.01374854591780e+001,-1.40990167662619e+000
1.81970085860995e+005	1.01439654035906e+001,-1.44503294339643e+000
1.86208713666284e+005	1.01507526163532e+001,-1.48115322752833e+000
1.90546071796322e+005	1.01578616858705e+001,-1.51829864240083e+000
1.94984459975801e+005	1.01653078862226e+001,-1.55650718882286e+000
1.99526231496885e+005	1.01731072080712e+001,-1.59581888735974e+000
2.04173794466949e+005	1.01812763890467e+001,-1.63627592331565e+000
2.08929613085400e+005	1.01898329461645e+001,-1.67792280369852e+000
2.13796208950220e+005	1.01987952082229e+001,-1.72080652762970e+000
2.18776162394952e+005	1.02081823493282e+001,-1.76497677249702e+000
2.23872113856830e+005	1.02180144223215e+001,-1.81048609606325e+000
2.29086765276773e+005	1.02283123927311e+001,-1.85739015805531e+000
2.34422881531988e+005	1.02390981729880e+001,-1.90574796037154e+000
2.39883291901945e+005	1.02503946554973e+001,-1.95562211172417e+000
2.45470891568499e+005	1.02622257461230e+001,-2.00707911508392e+000
2.51188643150954e+005	1.02746163952104e+001,-2.06018968435024e+000
2.57039578276882e+005	1.02875926275946e+001,-2.11502909048854e+000
2.63026799189534e+005	1.03011815697490e+001,-2.17167754198050e+000
2.69153480392687e+005	1.03154114735878e+001,-2.23022060302084e+000
2.75422870333812e+005	1.03303117353383e+001,-2.29074965311975e+000
2.81838293126440e+005	1.03459129083347e+001,-2.35336239539592e+000
2.88403150312656e+005	1.03622467095154e+001,-2.41816341383450e+000
2.95120922666633e+005	1.03793460139636e+001,-2.48526479305385e+000
3.01995172040196e+005	1.03972448395621e+001,-2.55478680070466e+000
3.09029543251354e+005	1.04159783151943e+001,-2.62685864422594e+000
3.16227766016832e+005	1.04355826315351e+001,-2.70161931049400e+000
3.23593656929623e+005	1.04560949670351e+001,-2.77921849804730e+000
3.31131121482585e+005	1.04775533873806e+001,-2.85981765332663e+000
3.38844156139197e+005	1.04999967087394e+001,-2.94359112569469e+000
3.46736850452526e+005	1.05234643191178e+001,-3.03072745491660e+000
3.54813389233569e+005	1.05479959457778e+001,-3.12143080930797e+000
3.63078054770095e+005	1.05736313599325e+001,-3.21592259486998e+000
3.71535229097166e+005	1.06004100013312e+001,-3.31444325704566e+000
3.80189396320555e+005	1.06283705064722e+001,-3.41725430310364e+000
3.89045144994274e+005	1.06575501177395e+001,-3.52464057336072e+000
3.98107170553490e+005	1.06879839478861e+001,-3.63691279723646e+000
4.07380277804106e+005	1.07197040647874e+001,-3.75441047371344e+000
4.16869383470328e+005	1.07527383568467e+001,-3.87750512056810e+000
4.26579518801585e+005	1.07871091274322e+001,-4.00660394667757e+000
4.36515832240158e+005	1.08228313552080e+001,-4.14215400599234e+000
4.46683592150955e+005	1.08599105425362e+001,-4.28464690271400e+000
4.57088189614867e+005	1.08983400527129e+001,-4.43462412540759e+000
4.67735141287190e+005	1.09380978137609e+001,-4.59268310221302e+000
4.78630092322630e+005	1.09791422362663e+001,-4.75948407427821e+000
4.89778819368438e+005	1.10214071468877e+001,-4.93575790628921e+000
5.01187233627263e+005	1.10647955013436e+001,-5.12231495664680e+000
5.12861383991356e+005	1.11091715600132e+001,-5.32005515154964e+000
5.24807460249763e+005	1.11543511394273e+001,-5.52997940705561e+000
5.37031796370243e+005	1.12000894407377e+001,-5.75320256184773e+000
5.49540873857615e+005	1.12460658251478e+001,-5.99096796958629e+000
5.62341325190339e+005	1.12918647197651e+001,-6.24466389004012e+000
5.75439937337147e+005	1.13369516294716e+001,-6.51584178480994e+000
5.88843655355579e+005	1.13806429286325e+001,-6.80623653122267e+000
6.02559586074347e+005	1.14220677371512e+001,-7.11778845666448e+000
6.16595001861471e+005	1.14601197201388e+001,-7.45266685216100e+000
6.30957344480182e+005	1.14933960381999e+001,-7.81329427289358e+000
6.45654229034644e+005	1.15201199448314e+001,-8.20237034854747e+000
6.60693448007584e+005	1.15380425733056e+001,-8.62289292803268e+000
6.76082975391970e+005	1.15443183853306e+001,-9.07817299071313e+000
6.91830970918924e+005	1.15353474730059e+001,-9.57183762852210e+000
7.07945784384125e+005	1.15065766036775e+001,-1.01078121996256e+001
7.24435960074977e+005	1.14522497818071e+001,-1.06902679594691e+001
7.41310241300904e+005	1.13650987241516e+001,-1.13235144500369e+001
7.58577575029170e+005	1.12359649252984e+001,-1.20118057665713e+001
7.76247116628678e+005	1.10533499758685e+001,-1.27590156841353e+001
7.94328234724267e+005	1.08029024925959e+001,-1.35681176793147e+001
8.12830516164085e+005	1.04668740392551e+001,-1.44403826032664e+001
8.31763771102656e+005	1.00236208724993e+001,-1.53741822442951e+001
8.51138038202361e+005	9.44730460335272e+000,-1.63632707361367e+001
8.70963589956065e+005	8.70806494675870e+000,-1.73944295977001e+001
8.91250938133729e+005	7.77310590905768e+000,-1.84444480719202e+001
9.12010839355893e+005	6.60932849917896e+000,-1.94766371017736e+001
9.33254300796974e+005	5.18826495365062e+000,-2.04375265327247e+001
9.54992586021419e+005	3.49390848540048e+000,-2.12551118332941e+001
9.77237220955793e+005	1.53324757825285e+000,-2.18408492513474e+001
9.99999999999982e+005	-6.52395913363276e-001,-2.20979925708071e+001
1.02329299228074e+006	-2.97952547111224e+000,-2.19378030387508e+001
1.04712854805088e+006	-5.32409708782040e+000,-2.13017625893856e+001
1.07151930523759e+006	-7.53707697644663e+000,-2.01829145108780e+001
1.09647819614316e+006	-9.47234950327693e+000,-1.86362943931425e+001
1.12201845430194e+006	-1.10175772382491e+001,-1.67712852913193e+001
1.14815362149686e+006	-1.21153080000164e+001,-1.47275855880262e+001
1.17489755493951e+006	-1.27665424700021e+001,-1.26450915503092e+001
1.20226443461739e+006	-1.30184366841543e+001,-1.06396620750019e+001
1.23026877081236e+006	-1.29444373403690e+001,-8.79125289952806e+000
1.25892541179414e+006	-1.26254272065528e+001,-7.14377239364275e+000
1.28824955169311e+006	-1.21366173422520e+001,-5.71201233828523e+000
1.31825673855638e+006	-1.15408660585330e+001,-4.49081985116526e+000
1.34896288259163e+006	-1.08868684027453e+001,-3.46342049278805e+000
1.38038426460286e+006	-1.02101801213904e+001,-2.60764924850717e+000
1.41253754462273e+006	-9.53546276514266e+000,-1.90002206450195e+000
1.44543977074590e+006	-8.87896178629661e+000,-1.31808641838546e+000
1.47910838816818e+006	-8.25073313435916e+000,-8.41583949332873e-001
1.51356124843618e+006	-7.65644814321589e+000,-4.52873909361159e-001
1.54881661891245e+006	-7.09876915038121e+000,-1.36938333436331e-001
1.58489319246108e+006	-6.57835614810863e+000,1.18823644083547e-001
1.62181009735890e+006	-6.09458237084758e+000,3.24888191672819e-001
1.65958690743753e+006	-5.64603166308388e+000,4.89916881594325e-001
1.69824365246171e+006	-5.23083753152493e+000,6.21049442270470e-001
1.73780082874934e+006	-4.84690991217855e+000,7.24163884648604e-001
1.77827941003889e+006	-4.49208361419745e+000,8.04099582931284e-001
1.81970085860995e+006	-4.16421285203616e+000,8.64844431386576e-001
1.86208713666283e+006	-3.86122910641844e+000,9.09689688625020e-001
1.90546071796321e+006	-3.58117434020634e+000,9.41356973370126e-001
1.94984459975801e+006	-3.32221787846112e+000,9.62101864725333e-001
1.99526231496884e+006	-3.08266265060424e+000,9.73798169409828e-001
2.04173794466949e+006	-2.86094467261709e+000,9.78006376112940e-001
2.08929613085400e+006	-2.65562838988605e+000,9.76029259138592e-001
2.13796208950219e+006	-2.46539963400548e+000,9.68957080465934e-001
2.18776162394951e+006	-2.28905735439466e+000,9.57704387048717e-001
2.23872113856830e+006	-2.12550488002311e+000,9.43040022253413e-001
2.29086765276773e+006	-1.97374119124020e+000,9.25611657158623e-001
2.34422881531988e+006	-1.83285249720046e+000,9.05965890223520e-001
2.39883291901944e+006	-1.70200428869409e+000,8.84564759400383e-001
2.45470891568498e+006	-1.58043395487139e+000,8.61799343453064e-001
2.51188643150953e+006	-1.46744399786790e+000,8.38000997414379e-001
2.57039578276881e+006	-1.36239584593529e+000,8.13450659792020e-001
2.63026799189533e+006	-1.26470424380235e+000,7.88386585083597e-001
2.69153480392686e+006	-1.17383218733242e+000,7.63010786853604e-001
2.75422870333811e+006	-1.08928636283566e+000,7.37494422364024e-001
2.81838293126440e+006	-1.01061304910206e+000,7.11982306108293e-001
2.88403150312655e+006	-9.37394440024811e-001,6.86596704669769e-001
2.95120922666633e+006	-8.69245347097175e-001,6.61440537167416e-001
3.01995172040196e+006	-8.05810243508835e-001,6.36600082772134e-001
3.09029543251353e+006	-7.46760614181882e-001,6.12147278555070e-001
3.16227766016832e+006	-6.91792579281902e-001,5.88141675742835e-001
3.23593656929622e+006	-6.40624761461932e-001,5.64632110767876e-001
3.31131121482585e+006	-5.92996370210670e-001,5.41658137276749e-001
3.38844156139196e+006	-5.48665479295868e-001,5.19251257385810e-001
3.46736850452525e+006	-5.07407475801548e-001,4.97435983903966e-001
3.54813389233568e+006	-4.69013661723067e-001,4.76230759690445e-001
3.63078054770094e+006	-4.33289990968130e-001,4.55648756074940e-001
3.71535229097165e+006	-4.00055926767254e-001,4.35698568403040e-001
3.80189396320554e+006	-3.69143406074974e-001,4.16384823882202e-001
3.89045144994273e+006	-3.40395899058644e-001,3.97708714380233e-001
3.98107170553489e+006	-3.13667553303967e-001,3.79668464692518e-001
4.07380277804105e+006	-2.88822413387018e-001,3.62259745205979e-001
4.16869383470327e+006	-2.65733707751394e-001,3.45476036327629e-001
4.26579518801584e+006	-2.44283195606999e-001,3.29308951016120e-001
4.36515832240157e+006	-2.24360567605331e-001,3.13748520630140e-001
4.46683592150954e+006	-2.05862894664520e-001,2.98783448611686e-001
4.57088189614866e+006	-1.88694120049537e-001,2.84401335794360e-001
4.67735141287189e+006	-1.72764590408446e-001,2.70588880565192e-001
4.78630092322629e+006	-1.57990621958116e-001,2.57332056664551e-001
4.89778819368436e+006	-1.44294098482120e-001,2.44616271011324e-001
5.01187233627262e+006	-1.31602098209342e-001,2.32426503618965e-001
5.12861383991355e+006	-1.19846546988287e-001,2.20747431396670e-001
5.24807460249762e+006	-1.08963895475057e-001,2.09563537423293e-001
5.37031796370242e+006	-9.88948183169993e-002,1.98859207079865e-001
5.49540873857613e+006	-8.95839335707658e-002,1.88618812275583e-001
5.62341325190338e+006	-8.09795407551597e-002,1.78826784879500e-001
5.75439937337145e+006	-7.30333761611262e-002,1.69467680348617e-001
5.88843655355577e+006	-6.57003841483796e-002,1.60526232461647e-001
6.02559586074345e+006	-5.89385033192353e-002,1.51987399980179e-001
6.16595001861470e+006	-5.27084665683420e-002,1.43836405991934e-001
6.30957344480180e+006	-4.69736140809991e-002,1.36058770638482e-001
6.45654229034642e+006	-4.16997184796458e-002,1.28640337863834e-001
6.60693448007582e+006	-3.68548213396021e-002,1.21567296788749e-001
6.76082975391968e+006	-3.24090803940811e-002,1.14826198263142e-001
6.91830970918922e+006	-2.83346267887061e-002,1.08403967113178e-001
7.07945784384123e+006	-2.46054317853362e-002,1.02287910566859e-001
7.24435960074975e+006	-2.11971823597628e-002,9.64657233055731e-002
7.41310241300902e+006	-1.80871651767064e-002,9.09254895581860e-002
7.58577575029168e+006	-1.52541584431875e-002,8.56556826258116e-002
7.76247116628676e+006	-1.26783311796011e-002,8.06451621944637e-002
7.94328234724265e+006	-1.03411494600511e-002,7.58831697675219e-002
8.12830516164082e+006	-8.22528920581273e-003,7.13593225208303e-002
8.31763771102654e+006	-6.31455512033381e-003,6.70636058595991e-002
8.51138038202359e+006	-4.59380538845222e-003,6.29863649292358e-002
8.70963589956062e+006	-3.04888176435467e-003,5.91182953095510e-002
8.91250938133727e+006	-1.66654469521718e-003,5.54504330974430e-002
9.12010839355890e+006	-4.34413146685151e-004,5.19741445610341e-002
9.33254300796971e+006	6.59091200579839e-004,4.86811155266762e-002
9.54992586021416e+006	1.62479568652581e-003,4.55633406395686e-002
9.77237220955790e+006	2.47282463647009e-003,4.26131126194543e-002
9.99999999999979e+006	3.21264383410817e-003,3.98230116143926e-002
1.02329299228073e+007	3.85310176895578e-003,3.71858947384185e-002
1.04712854805088e+007	4.40246790778698e-003,3.46948858632675e-002
1.07151930523758e+007	4.86846822741798e-003,3.23433657193752e-002
1.09647819614316e+007	5.25831822907909e-003,3.01249623486139e-002
1.12201845430194e+007	5.57875364414575e-003,2.80335419383793e-002
1.14815362149686e+007	5.83605902192258e-003,2.60632000571076e-002
1.17489755493950e+007	6.03609438039404e-003,2.42082533010010e-002
1.20226443461739e+007	6.18432008514804e-003,2.24632313541591e-002
1.23026877081236e+007	6.28582010852582e-003,2.08228694574500e-002
1.25892541179414e+007	6.34532380929869e-003,1.92821012755412e-002
1.28824955169311e+007	6.36722635977745e-003,1.78360521472237e-002
1.31825673855638e+007	6.35560793677500e-003,1.64800327002269e-002
1.34896288259162e+007	6.31425178012109e-003,1.52095328097872e-002
1.38038426460286e+007	6.24666121472326e-003,1.40202158773664e-002
1.41253754462272e+007	6.15607571978233e-003,1.29079134059854e-002
1.44543977074590e+007	6.04548612179300e-003,1.18686198475191e-002
1.47910838816818e+007	5.91764897907160e-003,1.08984876976693e-002
1.51356124843618e+007	5.77510021809679e-003,9.99382281503868e-003
1.54881661891245e+007	5.62016807568402e-003,9.15107994139851e-003
1.58489319246108e+007	5.45498539430237e-003,8.36685840194401e-003
1.62181009735889e+007	5.28150131315773e-003,7.63789796534723e-003
1.65958690743752e+007	5.10149239250223e-003,6.96107484530555e-003
1.69824365246171e+007	4.91657320450904e-003,6.33339782692742e-003
1.73780082874934e+007	4.72820642076346e-003,5.75200450271993e-003
1.77827941003888e+007	4.53771242252563e-003,5.21415760525224e-003
1.81970085860994e+007	4.34627845819127e-003,4.71724142433095e-003
1.86208713666283e+007	4.15496736904176e-003,4.25875829899324e-003
1.90546071796321e+007	3.96472590322801e-003,3.83632517523106e-003
1.94984459975800e+007	3.77639263548815e-003,3.44767022249340e-003
1.99526231496884e+007	3.59070550933937e-003,3.09062950243270e-003
2.04173794466948e+007	3.40830901661738e-003,2.76314368519611e-003
2.08929613085399e+007	3.22976102864135e-003,2.46325480894562e-003
2.13796208950219e+007	3.05553929203931e-003,2.18910307958178e-003
2.18776162394950e+007	2.88604760166853e-003,1.93892370811956e-003
2.23872113856829e+007	2.72162166226585e-003,1.71104378395111e-003
2.29086765276772e+007	2.56253464983771e-003,1.50387918282996e-003
2.34422881531987e+007	2.40900248331301e-003,1.31593150877227e-003
2.39883291901944e+007	2.26118881637388e-003,1.14578506969975e-003
2.45470891568498e+007	2.11920975901744e-003,9.92103886870880e-004
2.51188643150952e+007	1.98313833793434e-003,8.53628738572476e-004
2.57039578276881e+007	1.85300870442987e-003,7.29174238832013e-004
2.63026799189532e+007	1.72882009827728e-003,6.17625952170532e-004
2.69153480392686e+007	1.61054057558169e-003,5.17937545689006e-004
2.75422870333811e+007	1.49811050848012e-003,4.29127979961723e-004
2.81838293126439e+007	1.39144586425235e-003,3.50278740476814e-004
2.88403150312654e+007	1.29044127123796e-003,2.80531111490746e-004
2.95120922666632e+007	1.19497287879113e-003,2.19083494342043e-004
3.01995172040195e+007	1.10490101837325e-003,1.65188772414426e-004
3.09029543251352e+007	1.02007267279639e-003,1.18151725038438e-004
3.16227766016831e+007	9.40323760566443e-004,7.73264927135474e-005
3.23593656929621e+007	8.65481242238670e-004,4.21140960683704e-005
3.31131121482584e+007	7.95365055686488e-004,1.19600110157307e-005
3.38844156139195e+007	7.29789887191805e-004,-1.36481974611370e-005
3.46736850452524e+007	6.68566785283942e-004,-3.51831805095682e-005
3.54813389233568e+007	6.11504624285692e-004,-5.30800472834903e-005
3.63078054770093e+007	5.58411424555536e-004,-6.77385413136861e-005
3.71535229097164e+007	5.09095536446032e-004,-7.95251493352043e-005
3.80189396320553e+007	4.63366695022871e-004,-8.87751407151383e-005
3.89045144994272e+007	4.21036952597658e-004,-9.57945358429753e-005
3.98107170553488e+007	3.81921496126871e-004,-1.00862002073438e-004
4.07380277804104e+007	3.45839356497851e-004,-1.04230676078618e-004
4.16869383470326e+007	3.12614016685314e-004,-1.06129911728829e-004
4.26579518801583e+007	2.82073925678774e-004,-1.06766952919864e-004
4.36515832240156e+007	2.54052924992128e-004,-1.06328531050568e-004
4.46683592150953e+007	2.28390594435715e-004,-1.04982387155094e-004
4.57088189614865e+007	2.04932523680509e-004,-1.02878718989078e-004
4.67735141287188e+007	1.83530515969736e-004,-1.00151553655355e-004
4.78630092322628e+007	1.64042730124556e-004,-9.69200466368830e-005
4.89778819368435e+007	1.46333766773398e-004,-9.32897083641843e-005
5.01187233627261e+007	1.30274704483756e-004,-8.93535596970193e-005
5.12861383991353e+007	1.15743091218317e-004,-8.51932179225828e-005
5.24807460249761e+007	1.02622896258783e-004,-8.08799150809929e-005
5.37031796370241e+007	9.08044274540738e-005,-7.64754506114201e-005
5.49540873857612e+007	8.01842183579387e-005,-7.20330804676219e-005
5.62341325190336e+007	7.06648895168531e-005,-6.75983449881182e-005
5.75439937337144e+007	6.21549878735186e-005,-6.32098379126215e-005
5.88843655355576e+007	5.45688079480190e-005,-5.88999190218137e-005
6.02559586074344e+007	4.78261981649011e-005,-5.46953729390360e-005
6.16595001861468e+007	4.18523554057873e-005,-5.06180166696523e-005
6.30957344480179e+007	3.65776105849654e-005,-4.66852584740863e-005
6.45654229034641e+007	3.19372077773627e-005,-4.29106106680219e-005
6.60693448007581e+007	2.78710791678831e-005,-3.93041589252032e-005
6.76082975391967e+007	2.43236178473014e-005,-3.58729906244559e-005
6.91830970918921e+007	2.12434502475379e-005,-3.26215847350221e-005
7.07945784384122e+007	1.85832097924366e-005,-2.95521656747334e-005
7.24435960074974e+007	1.62993131380687e-005,-2.66650235067129e-005
7.41310241300901e+007	1.43517401892043e-005,-2.39588027626766e-005
7.58577575029167e+007	1.27038189062653e-005,-2.14307620980736e-005
7.76247116628674e+007	1.13220157590449e-005,-1.90770068950525e-005
7.94328234724264e+007	1.01757325395305e-005,-1.68926968380995e-005
8.12830516164081e+007	9.23711011587639e-006,-1.48722303933742e-005
8.31763771102652e+007	8.48083959158644e-006,-1.30094080277181e-005
8.51138038202357e+007	7.88398122863793e-006,-1.12975759094432e-005
8.70963589956061e+007	7.42579139828086e-006,-9.72975173882047e-006
8.91250938133725e+007	7.08755773934589e-006,-8.29873426474726e-006
9.12010839355889e+007	6.85244262884819e-006,-6.99719795449528e-006
9.33254300796970e+007	6.70533500340102e-006,-5.81777419655072e-006
9.54992586021414e+007	6.63271051116861e-006,-4.75312033297417e-006
9.77237220955788e+007	6.62249992222813e-006,-3.79597773715213e-006
9.99999999999977e+007	6.66396567910290e-006,-2.93922007587481e-006
1.02329299228073e+008	6.74758642843601e-006,-2.17589282052660e-006
1.04712854805088e+008	6.86494933833513e-006,-1.49924500197473e-006
1.07151930523758e+008	7.00864997335971e-006,-9.02754135530076e-007
1.09647819614316e+008	7.17219946986638e-006,-3.80145177459753e-007
1.12201845430194e+008	7.34993872802227e-006,7.45956886712959e-008
1.14815362149686e+008	7.53695931310086e-006,4.67211698808536e-007
1.17489755493950e+008	7.72903073745767e-006,8.03169911457542e-007
1.20226443461738e+008	7.92253377594179e-006,1.08765874940571e-006
1.23026877081235e+008	8.11439945173404e-006,1.32558812139112e-006
1.25892541179414e+008	8.30205331683997e-006,1.52159162387039e-006
1.28824955169310e+008	8.48336464269320e-006,1.68003038175338e-006
1.31825673855638e+008	8.65660013129346e-006,1.80499814574348e-006
1.34896288259162e+008	8.82038175774619e-006,1.90032732219263e-006
1.38038426460285e+008	8.97364836038246e-006,1.96959566873390e-006
1.41253754462272e+008	9.11562060611528e-006,2.01613344447345e-006
1.44543977074589e+008	9.24576897608232e-006,2.04303085624826e-006
1.47910838816817e+008	9.36378443998526e-006,2.05314569112402e-006
1.51356124843617e+008	9.46955151642152e-006,2.04911106876287e-006
1.54881661891244e+008	9.56312345005136e-006,2.03334328426811e-006
1.58489319246108e+008	9.64469927356331e-006,2.00804974166538e-006
1.62181009735889e+008	9.71460256145016e-006,1.97523699954632e-006
1.65958690743752e+008	9.77326172191846e-006,1.93671896329917e-006
1.69824365246170e+008	9.82119171129929e-006,1.89412526292440e-006
1.73780082874933e+008	9.85897708957437e-006,1.84890985230835e-006
1.77827941003888e+008	9.88725636568688e-006,1.80235985613179e-006
1.81970085860994e+008	9.90670760458769e-006,1.75560467578610e-006
1.86208713666282e+008	9.91803528527887e-006,1.70962534751424e-006
1.90546071796320e+008	9.92195840845210e-006,1.66526412635013e-006
1.94984459975800e+008	9.91919985542639e-006,1.62323425012376e-006
1.99526231496883e+008	9.91047699709207e-006,1.58412982043667e-006
2.04173794466948e+008	9.89649354299279e-006,1.54843572346313e-006
2.08929613085399e+008	9.87793260892774e-006,1.51653750357650e-006
2.13796208950218e+008	9.85545096735949e-006,1.48873109764226e-006
2.18776162394950e+008	9.82967442977476e-006,1.46523233746204e-006
2.23872113856829e+008	9.80119429552899e-006,1.44618613198055e-006
2.29086765276772e+008	9.77056478937912e-006,1.43167524878119e-006
2.34422881531987e+008	9.73830139859587e-006,1.42172862552612e-006
2.39883291901943e+008	9.70488001373636e-006,1.41632915508997e-006
2.45470891568497e+008	9.67073677241273e-006,1.41542090254698e-006
2.51188643150952e+008	9.63626850424837e-006,1.41891572684637e-006
2.57039578276880e+008	9.60183367686595e-006,1.42669929424302e-006
2.63026799189532e+008	9.56775374704497e-006,1.43863648368882e-006
2.69153480392685e+008	9.53431482744974e-006,1.45457619601004e-006
2.75422870333810e+008	9.50176958694287e-006,1.47435558853282e-006
2.81838293126439e+008	9.47033931164223e-006,1.49780376461308e-006
2.88403150312654e+008	9.44021606269503e-006,1.52474495351223e-006
2.95120922666631e+008	9.41156487710414e-006,1.55500121991549e-006
3.01995172040194e+008	9.38452596577684e-006,1.58839474497656e-006
3.09029543251351e+008	9.35921687309231e-006,1.62474972134892e-006
3.16227766016830e+008	9.33573456922071e-006,1.66389390447120e-006
3.23593656929620e+008	9.31415745415698e-006,1.70565986087501e-006
3.31131121482583e+008	9.29454725840943e-006,1.74988595219311e-006
3.38844156139194e+008	9.27695083073125e-006,1.79641709083939e-006
3.46736850452523e+008	9.26140180768539e-006,1.84510530030908e-006
3.54813389233567e+008	9.24792216358700e-006,1.89581010979960e-006
3.63078054770092e+008	9.23652364196708e-006,1.94839880964016e-006
3.71535229097163e+008	9.22720907194131e-006,2.00274659079561e-006
3.80189396320552e+008	9.21997357482164e-006,2.05873658855112e-006
3.89045144994271e+008	9.21480566658352e-006,2.11625984779400e-006
3.98107170553487e+008	9.21168826289606e-006,2.17521522457732e-006
4.07380277804103e+008	9.21059959410656e-006,2.23550923618251e-006
4.16869383470325e+008	9.21151403647860e-006,2.29705587006916e-006
4.26579518801582e+008	9.21440286671891e-006,2.35977636005929e-006
4.36515832240155e+008	9.21923494606297e-006,2.42359893664771e-006
4.46683592150952e+008	9.22597733996954e-006,2.48845855696860e-006
4.57088189614864e+008	9.23459587829343e-006,2.55429661905059e-006
4.67735141287186e+008	9.24505566113124e-006,2.62106066391638e-006
4.78630092322626e+008	9.25732151457239e-006,2.68870406851706e-006
4.89778819368434e+008	9.27135840006041e-006,2.75718573198784e-006
5.01187233627260e+008	9.28713178019005e-006,2.82646975745842e-006
5.12861383991352e+008	9.30460794449751e-006,2.89652513108150e-006
5.24807460249759e+008	9.32375429724119e-006,2.96732540010071e-006
5.37031796370239e+008	9.34453960959847e-006,3.03884835148455e-006
5.49540873857610e+008	9.36693423830488e-006,3.11107569264294e-006
5.62341325190335e+008	9.39091031220205e-006,3.18399273583598e-006
5.75439937337142e+008	9.41644188931500e-006,3.25758808749597e-006
5.88843655355574e+008	9.44350508507934e-006,3.33185334424233e-006
6.02559586074342e+008	9.47207817485476e-006,3.40678279657779e-006
6.16595001861466e+008	9.50214167062523e-006,3.48237314219983e-006
6.30957344480177e+008	9.53367837630117e-006,3.55862320938920e-006
6.45654229034639e+008	9.56667342061778e-006,3.63553369255375e-006
6.60693448007579e+008	9.60111427204185e-006,3.71310690017001e-006
6.76082975391964e+008	9.63699073689446e-006,3.79134651622010e-006
6.91830970918918e+008	9.67429494201711e-006,3.87025737603895e-006
7.07945784384120e+008	9.71302130527128e-006,3.94984525661501e-006
7.24435960074971e+008	9.75316649594294e-006,4.03011668154745e-006
7.41310241300898e+008	9.79472938648110e-006,4.11107874085416e-006
7.58577575029164e+008	9.83771099787459e-006,4.19273892526368e-006
7.76247116628671e+008	9.88211444097438e-006,4.27510497433730e-006
7.94328234724261e+008	9.92794485554684e-006,4.35818473767740e-006
8.12830516164078e+008	9.97520934865614e-006,4.44198604828116e-006
8.31763771102649e+008	1.00239169332042e-005,4.52651660714988e-006
8.51138038202354e+008	1.00740784696027e-005,4.61178387716636e-006
8.70963589956058e+008	1.01257066097254e-005,4.69779498553164e-006
8.91250938133722e+008	1.01788157453991e-005,4.78455663262452e-006
9.12010839355886e+008	1.02334219613656e-005,4.87207500589384e-006
9.33254300796966e+008	1.02895429929924e-005,4.96035569712562e-006
9.54992586021411e+008	1.03471981892584e-005,5.04940362119829e-006
9.77237220955785e+008	1.04064084801833e-005,5.13922293494433e-006
1.00000000000000e+009	1.04671963492704e-005,5.22981695407534e-006
